-4 100 4
-2 100 -7
-2 100 -5
6 100 -1
-1 100 -8
1 100 -3
4 100 1
-1 100 -6
1 100 -4
4 100 2
4 100 3
-4 100 -8
-3 100 -7
-4 100 3
3 100 -2
1 100 -5
-4 99 4
-2 99 -7
-2 99 -5
6 99 -1
-1 99 -8
1 99 -3
4 99 1
-1 99 -6
1 99 -4
4 99 2
4 99 3
-4 99 -8
-3 99 -7
-4 99 3
3 99 -2
-3 99 -8
-4 98 4
-2 98 -7
-2 98 -5
6 98 -1
-1 98 -8
1 98 -3
4 98 1
-1 98 -6
1 98 -4
4 98 2
4 98 3
-4 98 -8
-3 98 -7
-4 98 3
3 98 -2
-3 98 -8
-1 98 -7
-4 97 4
-2 97 -7
-2 97 -5
6 97 -1
-1 97 -8
1 97 -3
4 97 1
-1 97 -6
1 97 -4
4 97 2
4 97 3
-4 97 -8
-3 97 -7
-4 97 3
3 97 -2
-3 97 -8
-1 97 -7
2 97 -4
2 97 -2
-4 96 4
-2 96 -7
-2 96 -5
6 96 -1
-1 96 -8
1 96 -3
4 96 1
-1 96 -6
1 96 -4
4 96 2
4 96 3
-4 96 -8
-3 96 -7
-4 96 3
-3 96 -8
-1 96 -7
2 96 -4
2 96 -2
2 96 -5
-4 95 4
-2 95 -7
-2 95 -5
6 95 -1
-1 95 -8
1 95 -3
4 95 1
-1 95 -6
1 95 -4
4 95 2
4 95 3
-4 95 -8
-3 95 -8
-1 95 -7
2 95 -4
2 95 -2
2 95 -5
-2 95 -8
-2 95 -6
-4 94 4
-2 94 -7
-2 94 -5
6 94 -1
-1 94 -8
1 94 -3
4 94 1
-1 94 -6
1 94 -4
4 94 2
4 94 3
-3 94 -8
-1 94 -7
2 94 -4
2 94 -2
2 94 -5
-2 94 -8
-2 94 -6
-4 93 4
-2 93 -7
-2 93 -5
6 93 -1
-1 93 -8
1 93 -3
4 93 1
-1 93 -6
1 93 -4
4 93 2
-3 93 -8
-1 93 -7
2 93 -4
2 93 -2
2 93 -5
-2 93 -8
-2 93 -6
4 93 0
-4 92 4
-2 92 -7
-2 92 -5
6 92 -1
-1 92 -8
1 92 -3
4 92 1
-3 92 -8
-1 92 -7
2 92 -4
2 92 -2
2 92 -5
-2 92 -8
-2 92 -6
4 92 0
-4 91 4
-2 91 -7
-2 91 -5
6 91 -1
-1 91 -8
1 91 -3
-3 91 -8
-1 91 -7
2 91 -4
2 91 -2
2 91 -5
-2 91 -8
-2 91 -6
4 91 0
-3 91 4
2 91 -3
-4 90 4
-2 90 -7
-2 90 -5
6 90 -1
-1 90 -8
1 90 -3
-3 90 -8
-1 90 -7
2 90 -4
2 90 -2
2 90 -5
-2 90 -8
-2 90 -6
4 90 0
-3 90 4
2 90 -3
3 90 -3
-4 89 4
-2 89 -7
-2 89 -5
6 89 -1
-1 89 -8
-3 89 -8
-1 89 -7
2 89 -4
2 89 -2
2 89 -5
-2 89 -8
-2 89 -6
4 89 0
-3 89 4
2 89 -3
3 89 -3
5 89 -1
-4 88 4
-2 88 -7
-2 88 -5
6 88 -1
-1 88 -8
-3 88 -8
-1 88 -7
2 88 -4
2 88 -2
2 88 -5
-2 88 -8
-2 88 -6
4 88 0
-3 88 4
2 88 -3
3 88 -3
5 88 -1
1 88 -4
-4 87 4
-2 87 -7
-2 87 -5
-3 87 -8
-1 87 -7
2 87 -4
2 87 -2
2 87 -5
-2 87 -8
-2 87 -6
4 87 0
-3 87 4
2 87 -3
3 87 -3
5 87 -1
1 87 -4
1 87 -3
-4 86 4
-2 86 -7
-1 86 -7
2 86 -4
2 86 -2
2 86 -5
-2 86 -8
-2 86 -6
4 86 0
-3 86 4
2 86 -3
3 86 -3
5 86 -1
1 86 -4
1 86 -3
-4 85 4
-2 85 -7
2 85 -4
2 85 -2
2 85 -5
-2 85 -6
4 85 0
-3 85 4
2 85 -3
3 85 -3
5 85 -1
1 85 -4
1 85 -3
2 84 -4
2 84 -2
2 84 -5
-2 84 -6
4 84 0
-3 84 4
2 84 -3
3 84 -3
5 84 -1
1 84 -4
1 84 -3
3 84 -2
2 83 -4
2 83 -2
2 83 -5
-2 83 -6
4 83 0
-3 83 4
2 83 -3
3 83 -3
5 83 -1
1 83 -4
1 83 -3
3 83 -2
4 83 -2
-3 83 -6
2 82 -4
2 82 -2
2 82 -5
-2 82 -6
4 82 0
-3 82 4
2 82 -3
3 82 -3
5 82 -1
1 82 -4
1 82 -3
3 82 -2
4 82 -2
-3 82 -6
0 82 -3
2 81 -4
2 81 -2
2 81 -5
-2 81 -6
4 81 0
-3 81 4
2 81 -3
3 81 -3
5 81 -1
1 81 -4
1 81 -3
3 81 -2
4 81 -2
-3 81 -6
0 81 -3
2 80 -4
2 80 -2
-2 80 -6
4 80 0
-3 80 4
2 80 -3
3 80 -3
5 80 -1
1 80 -4
1 80 -3
3 80 -2
4 80 -2
-3 80 -6
0 80 -3
-2 79 -6
4 79 0
-3 79 4
2 79 -3
3 79 -3
5 79 -1
1 79 -4
1 79 -3
3 79 -2
4 79 -2
-3 79 -6
0 79 -3
-2 79 4
4 79 -1
0 79 -4
-2 78 -6
4 78 0
-3 78 4
2 78 -3
3 78 -3
5 78 -1
1 78 -4
1 78 -3
3 78 -2
4 78 -2
-3 78 -6
0 78 -3
-2 78 4
4 78 -1
0 78 -4
2 78 -2
-2 78 3
0 78 -5
4 77 0
-3 77 4
2 77 -3
3 77 -3
5 77 -1
1 77 -4
1 77 -3
3 77 -2
4 77 -2
-3 77 -6
0 77 -3
-2 77 4
4 77 -1
0 77 -4
2 77 -2
-2 77 3
0 77 -5
5 77 0
-4 77 4
1 77 -2
-2 77 5
4 76 0
-3 76 4
2 76 -3
3 76 -3
5 76 -1
1 76 -4
1 76 -3
3 76 -2
4 76 -2
-3 76 -6
0 76 -3
-2 76 4
4 76 -1
0 76 -4
2 76 -2
-2 76 3
0 76 -5
5 76 0
-4 76 4
1 76 -2
-2 76 5
-3 76 3
-4 76 5
-3 75 4
2 75 -3
3 75 -3
5 75 -1
1 75 -4
1 75 -3
3 75 -2
4 75 -2
-3 75 -6
0 75 -3
-2 75 4
4 75 -1
0 75 -4
2 75 -2
-2 75 3
0 75 -5
5 75 0
-4 75 4
1 75 -2
-2 75 5
-3 75 3
-4 75 5
-3 74 4
2 74 -3
3 74 -3
5 74 -1
1 74 -4
1 74 -3
3 74 -2
-3 74 -6
0 74 -3
-2 74 4
4 74 -1
0 74 -4
2 74 -2
0 74 -5
5 74 0
-4 74 4
1 74 -2
-2 74 5
-4 74 5
5 73 -1
1 73 -4
1 73 -3
3 73 -2
-3 73 -6
0 73 -3
-2 73 4
4 73 -1
0 73 -4
2 73 -2
0 73 -5
5 73 0
-4 73 4
1 73 -2
-2 73 5
-4 73 5
5 72 -1
1 72 -4
1 72 -3
3 72 -2
-3 72 -6
0 72 -3
-2 72 4
4 72 -1
0 72 -4
2 72 -2
-4 72 4
1 72 -2
-2 72 5
-4 72 5
-1 72 4
1 71 -4
1 71 -3
3 71 -2
-3 71 -6
0 71 -3
-2 71 4
4 71 -1
2 71 -2
-4 71 4
1 71 -2
-2 71 5
-4 71 5
-1 71 4
-1 71 5
1 70 -3
3 70 -2
-3 70 -6
-2 70 4
4 70 -1
2 70 -2
-4 70 4
1 70 -2
-2 70 5
-4 70 5
-1 70 4
-1 70 5
1 70 -1
3 69 -2
-3 69 -6
-2 69 4
4 69 -1
2 69 -2
-4 69 4
1 69 -2
-2 69 5
-4 69 5
-1 69 4
-1 69 5
3 68 -2
-3 68 -6
-2 68 4
4 68 -1
2 68 -2
-4 68 4
-2 68 5
-4 68 5
-1 68 4
-1 68 5
3 67 -2
-3 67 -6
-2 67 4
4 67 -1
-4 67 4
-2 67 5
-4 67 5
-1 67 4
-1 67 5
4 67 -2
3 67 -3
-3 66 -6
-2 66 4
4 66 -1
-4 66 4
-2 66 5
-4 66 5
-1 66 4
-1 66 5
4 66 -2
3 66 -3
-3 65 -6
-2 65 4
4 65 -1
-4 65 4
-2 65 5
-4 65 5
-1 65 4
-1 65 5
4 65 -2
3 65 -3
-4 65 6
-3 64 -6
-2 64 4
4 64 -1
-4 64 4
-2 64 5
-4 64 5
-1 64 4
-1 64 5
4 64 -2
3 64 -3
-4 64 6
-5 64 6
-3 63 -6
-2 63 4
4 63 -1
-4 63 4
-2 63 5
-4 63 5
-1 63 4
-1 63 5
4 63 -2
3 63 -3
-4 63 6
-3 63 5
-3 63 -7
-3 62 -6
-2 62 4
4 62 -1
-2 62 5
-4 62 5
-1 62 4
-1 62 5
4 62 -2
3 62 -3
-3 62 5
-3 62 -7
-3 61 -6
-2 61 5
-1 61 4
-1 61 5
4 61 -2
3 61 -3
-3 61 5
-3 61 -7
-3 60 -6
-2 60 5
-1 60 4
-1 60 5
4 60 -2
3 60 -3
-3 60 -7
-3 59 -6
-1 59 4
-1 59 5
4 59 -2
3 59 -3
-3 59 -7
4 59 -3
-3 58 -6
-1 58 4
-1 58 5
4 58 -2
3 58 -3
-3 58 -7
4 58 -3
-2 58 -6
4 58 -4
-3 57 -6
-1 57 4
-1 57 5
4 57 -2
3 57 -3
-3 57 -7
4 57 -3
-2 57 -6
4 57 -4
0 57 4
-1 57 -6
-3 56 -6
-1 56 4
-1 56 5
4 56 -2
3 56 -3
-3 56 -7
4 56 -3
-2 56 -6
4 56 -4
0 56 4
-1 56 -6
1 56 4
-3 55 -6
-1 55 4
4 55 -2
3 55 -3
-3 55 -7
4 55 -3
-2 55 -6
4 55 -4
0 55 4
-1 55 -6
1 55 4
-3 54 -6
4 54 -2
3 54 -3
-3 54 -7
4 54 -3
-2 54 -6
4 54 -4
0 54 4
-1 54 -6
1 54 4
-3 53 -6
4 53 -2
3 53 -3
-3 53 -7
4 53 -3
-2 53 -6
4 53 -4
0 53 4
-1 53 -6
1 53 4
-3 52 -6
4 52 -2
3 52 -3
-3 52 -7
4 52 -3
-2 52 -6
4 52 -4
0 52 4
-1 52 -6
1 52 4
-3 51 -6
4 51 -2
3 51 -3
-3 51 -7
4 51 -3
-2 51 -6
4 51 -4
0 51 4
-1 51 -6
1 51 4
3 51 -2
4 51 -5
-3 50 -6
4 50 -2
3 50 -3
-3 50 -7
4 50 -3
-2 50 -6
4 50 -4
0 50 4
-1 50 -6
1 50 4
3 50 -2
4 50 -5
4 50 -6
-3 49 -6
-3 49 -7
4 49 -3
-2 49 -6
4 49 -4
0 49 4
-1 49 -6
1 49 4
3 49 -2
4 49 -5
-1 49 -7
-3 48 -6
4 48 -3
-2 48 -6
4 48 -4
0 48 4
-1 48 -6
1 48 4
3 48 -2
-1 48 -7
2 48 4
4 47 -3
-2 47 -6
0 47 4
-1 47 -6
1 47 4
3 47 -2
-1 47 -7
2 47 4
2 47 3
4 46 -3
-2 46 -6
0 46 4
-1 46 -6
1 46 4
3 46 -2
-1 46 -7
2 46 4
2 46 3
3 46 3
4 45 -3
-2 45 -6
0 45 4
-1 45 -6
1 45 4
3 45 -2
-1 45 -7
2 45 4
2 45 3
4 44 -3
-2 44 -6
0 44 4
-1 44 -6
1 44 4
3 44 -2
-1 44 -7
2 44 4
2 44 3
4 43 -3
-2 43 -6
0 43 4
-1 43 -6
1 43 4
3 43 -2
-1 43 -7
2 43 4
2 43 3
3 43 -3
1 43 3
-1 43 -5
4 42 -3
-2 42 -6
-1 42 -6
1 42 4
3 42 -2
-1 42 -7
2 42 4
2 42 3
3 42 -3
1 42 3
-1 42 -5
2 42 -3
-1 41 -6
3 41 -2
2 41 4
2 41 3
3 41 -3
1 41 3
-1 41 -5
2 41 -3
3 40 -2
2 40 4
2 40 3
3 40 -3
1 40 3
-1 40 -5
2 40 -3
3 39 -2
2 39 4
2 39 3
3 39 -3
1 39 3
-1 39 -5
2 39 -3
3 38 -2
2 38 4
2 38 3
3 38 -3
1 38 3
-1 38 -5
2 38 -3
2 38 -2
3 37 -2
2 37 4
2 37 3
3 37 -3
1 37 3
-1 37 -5
2 37 -3
2 37 -2
3 36 -2
2 36 4
2 36 3
3 36 -3
1 36 3
-1 36 -5
2 36 -3
2 36 -2
3 35 -2
2 35 4
2 35 3
3 35 -3
1 35 3
-1 35 -5
2 35 -3
2 35 -2
3 34 -2
2 34 4
2 34 3
3 34 -3
1 34 3
-1 34 -5
2 34 -3
2 34 -2
2 33 4
2 33 3
3 33 -3
1 33 3
-1 33 -5
2 33 -3
2 33 -2
2 32 3
3 32 -3
1 32 3
-1 32 -5
2 32 -3
2 32 -2
3 31 -3
1 31 3
-1 31 -5
2 31 -3
2 31 -2
1 30 3
-1 30 -5
2 30 -3
2 30 -2
1 29 3
-1 29 -5
2 29 -2
1 29 -2
1 28 3
-1 28 -5
2 28 -2
1 28 -2
1 27 3
-1 27 -5
2 27 -2
1 27 -2
0 27 -5
1 26 3
-1 26 -5
2 26 -2
1 26 -2
0 26 -5
1 26 2
2 25 -2
1 25 -2
0 25 -5
1 25 2
0 25 2
2 24 -2
1 24 -2
0 24 -5
1 24 2
0 24 2
0 24 -6
2 23 -2
1 23 -2
0 23 -5
1 23 2
0 23 2
0 23 -6
1 23 -6
2 22 -2
1 22 -2
0 22 -5
1 22 2
0 22 2
0 22 -6
1 22 -6
1 22 -7
2 21 -2
1 21 -2
0 21 -5
1 21 2
0 21 2
0 21 -6
1 21 -6
1 21 -7
1 21 -1
0 21 1
1 21 -8
1 20 -2
0 20 -5
1 20 2
0 20 2
0 20 -6
1 20 -6
1 20 -7
1 20 -1
0 20 1
1 20 -8
1 20 0
1 19 -2
0 19 -5
1 19 2
0 19 2
0 19 -6
1 19 -6
1 19 -7
1 19 -1
0 19 1
1 19 -8
1 19 0
1 18 -2
0 18 -5
1 18 2
0 18 2
0 18 -6
1 18 -6
1 18 -7
1 18 -1
0 18 1
1 18 -8
1 18 0
1 17 -2
0 17 -5
1 17 2
0 17 2
0 17 -6
1 17 -6
1 17 -7
1 17 -1
0 17 1
1 17 -8
1 16 -2
0 16 -5
1 16 2
0 16 2
0 16 -6
1 16 -6
1 16 -7
1 16 -1
0 16 1
1 16 -8
0 16 -4
1 15 -2
0 15 -5
1 15 2
0 15 2
0 15 -6
1 15 -6
1 15 -7
1 15 -1
0 15 1
1 15 -8
0 15 -4
2 15 -1
1 14 -2
0 14 -5
1 14 2
0 14 2
0 14 -6
1 14 -6
1 14 -7
1 14 -1
0 14 1
0 14 -4
2 14 -1
3 14 -1
1 13 -2
0 13 -5
1 13 2
0 13 2
0 13 -6
1 13 -6
1 13 -1
0 13 1
0 13 -4
2 13 -1
3 13 -1
-1 13 1
1 12 -2
0 12 -5
1 12 2
0 12 2
0 12 -6
1 12 -1
0 12 1
0 12 -4
2 12 -1
3 12 -1
-1 12 1
3 12 -2
0 11 -5
1 11 2
0 11 -6
1 11 -1
0 11 1
0 11 -4
2 11 -1
3 11 -1
-1 11 1
3 11 -2
0 10 -5
1 10 2
1 10 -1
0 10 1
0 10 -4
2 10 -1
3 10 -1
-1 10 1
3 10 -2
1 10 3
1 9 2
1 9 -1
0 9 1
0 9 -4
2 9 -1
3 9 -1
-1 9 1
3 9 -2
1 9 3
1 9 1
1 9 -4
1 8 -1
0 8 1
0 8 -4
2 8 -1
-1 8 1
3 8 -2
1 8 3
1 8 1
1 8 -4
2 8 1
2 8 -4
0 8 0
1 7 -1
0 7 1
0 7 -4
2 7 -1
-1 7 1
3 7 -2
1 7 3
1 7 1
1 7 -4
2 7 1
2 7 -4
0 7 0
1 6 -1
0 6 1
0 6 -4
2 6 -1
-1 6 1
1 6 3
1 6 1
1 6 -4
2 6 1
2 6 -4
0 6 0
3 6 -1
1 6 4
1 5 -1
0 5 1
0 5 -4
2 5 -1
-1 5 1
1 5 3
1 5 1
1 5 -4
2 5 -4
0 5 0
1 5 4
0 5 -1
1 5 5
1 4 -1
0 4 1
0 4 -4
-1 4 1
1 4 3
1 4 1
1 4 -4
2 4 -4
0 4 0
1 4 4
0 4 -1
1 4 5
0 3 -4
-1 3 1
1 3 3
1 3 1
1 3 -4
2 3 -4
0 3 0
1 3 4
0 3 -1
1 3 5
1 3 -5
0 2 -4
-1 2 1
1 2 3
1 2 1
1 2 -4
2 2 -4
0 2 0
1 2 4
0 2 -1
1 2 5
1 2 -5
0 1 -4
-1 1 1
1 1 3
1 1 1
1 1 -4
2 1 -4
0 1 0
1 1 4
0 1 -1
1 1 5
1 1 -5
1 1 0
0 1 -3
0 0 -4
-1 0 1
1 0 3
1 0 1
1 0 -4
2 0 -4
0 0 0
1 0 4
0 0 -1
1 0 5
1 0 -5
1 0 0
0 0 -3
0 -1 -4
-1 -1 1
1 -1 3
1 -1 1
1 -1 -4
2 -1 -4
0 -1 0
1 -1 4
0 -1 -1
1 -1 5
1 -1 -5
1 -1 0
0 -1 -3
-1 -2 1
1 -2 3
1 -2 1
1 -2 -4
2 -2 -4
0 -2 0
1 -2 4
0 -2 -1
1 -2 -5
1 -2 0
0 -2 -3
-1 -3 1
1 -3 3
1 -3 1
1 -3 -4
2 -3 -4
0 -3 0
1 -3 4
0 -3 -1
1 -3 -5
1 -3 0
0 -3 -3
-1 -4 1
1 -4 3
1 -4 1
1 -4 -4
2 -4 -4
0 -4 0
1 -4 4
0 -4 -1
1 -4 -5
1 -4 0
0 -4 -3
2 -4 3
-1 -4 2
1 -5 3
1 -5 1
1 -5 -4
2 -5 -4
0 -5 0
1 -5 4
0 -5 -1
1 -5 -5
1 -5 0
0 -5 -3
2 -5 3
-1 -5 2
2 -5 4
0 -5 2
-1 -5 0
1 -5 2
1 -6 3
1 -6 1
1 -6 -4
2 -6 -4
0 -6 0
1 -6 4
0 -6 -1
1 -6 -5
1 -6 0
0 -6 -3
2 -6 3
-1 -6 2
2 -6 4
0 -6 2
-1 -6 0
1 -6 2
-2 -6 0
1 -7 3
1 -7 1
1 -7 -4
2 -7 -4
0 -7 0
1 -7 4
0 -7 -1
1 -7 -5
1 -7 0
0 -7 -3
2 -7 3
-1 -7 2
2 -7 4
0 -7 2
-1 -7 0
1 -7 2
-2 -7 0
0 -7 1
-3 -7 0
-2 -7 -1
1 -8 1
1 -8 -4
0 -8 0
1 -8 4
0 -8 -1
1 -8 0
0 -8 -3
2 -8 3
-1 -8 2
2 -8 4
0 -8 2
-1 -8 0
1 -8 2
-2 -8 0
0 -8 1
-3 -8 0
-2 -8 -1
1 -8 -3
-4 -8 0
-3 -8 -1
0 -9 0
1 -9 4
0 -9 -1
1 -9 0
0 -9 -3
2 -9 3
-1 -9 2
2 -9 4
0 -9 2
-1 -9 0
1 -9 2
-2 -9 0
0 -9 1
-3 -9 0
-2 -9 -1
1 -9 -3
-4 -9 0
-3 -9 -1
-4 -9 -1
0 -9 -2
-4 -9 1
1 -10 4
0 -10 -1
1 -10 0
0 -10 -3
2 -10 3
-1 -10 2
2 -10 4
0 -10 2
-1 -10 0
1 -10 2
-2 -10 0
0 -10 1
-3 -10 0
-2 -10 -1
1 -10 -3
-4 -10 0
-3 -10 -1
-4 -10 -1
0 -10 -2
-4 -10 1
1 -11 4
0 -11 -1
1 -11 0
0 -11 -3
2 -11 3
-1 -11 2
2 -11 4
0 -11 2
-1 -11 0
1 -11 2
-2 -11 0
0 -11 1
-2 -11 -1
1 -11 -3
-4 -11 0
-3 -11 -1
-4 -11 -1
0 -11 -2
-4 -11 1
0 -12 -1
1 -12 0
0 -12 -3
2 -12 3
-1 -12 2
2 -12 4
0 -12 2
-1 -12 0
1 -12 2
-2 -12 0
0 -12 1
-2 -12 -1
1 -12 -3
-4 -12 0
-3 -12 -1
-4 -12 -1
0 -12 -2
-4 -12 1
1 -12 1
-1 -12 -3
1 -13 0
0 -13 -3
2 -13 3
-1 -13 2
2 -13 4
0 -13 2
-1 -13 0
1 -13 2
-2 -13 0
0 -13 1
-2 -13 -1
1 -13 -3
-4 -13 0
-3 -13 -1
-4 -13 -1
0 -13 -2
-4 -13 1
1 -13 1
-1 -13 -3
-3 -13 0
1 -14 0
0 -14 -3
2 -14 3
-1 -14 2
2 -14 4
0 -14 2
-1 -14 0
1 -14 2
-2 -14 0
0 -14 1
-2 -14 -1
1 -14 -3
-4 -14 0
-3 -14 -1
0 -14 -2
-4 -14 1
1 -14 1
-1 -14 -3
-3 -14 0
1 -15 0
0 -15 -3
2 -15 3
-1 -15 2
2 -15 4
0 -15 2
-1 -15 0
1 -15 2
-2 -15 0
0 -15 1
-2 -15 -1
1 -15 -3
-4 -15 0
-3 -15 -1
0 -15 -2
-4 -15 1
1 -15 1
-1 -15 -3
-3 -15 0
-5 -15 1
1 -16 0
0 -16 -3
2 -16 3
-1 -16 2
2 -16 4
0 -16 2
-1 -16 0
1 -16 2
-2 -16 0
0 -16 1
-2 -16 -1
1 -16 -3
-4 -16 0
-3 -16 -1
0 -16 -2
-4 -16 1
1 -16 1
-1 -16 -3
-3 -16 0
-5 -16 1
-6 -16 1
-5 -16 2
2 -17 3
2 -17 4
0 -17 2
-1 -17 0
1 -17 2
-2 -17 0
0 -17 1
-2 -17 -1
1 -17 -3
-4 -17 0
-3 -17 -1
0 -17 -2
-4 -17 1
1 -17 1
-1 -17 -3
-3 -17 0
-5 -17 1
-6 -17 1
-5 -17 2
2 -18 3
2 -18 4
-1 -18 0
1 -18 2
-2 -18 0
0 -18 1
-2 -18 -1
1 -18 -3
-4 -18 0
-3 -18 -1
0 -18 -2
-4 -18 1
1 -18 1
-1 -18 -3
-3 -18 0
-5 -18 1
-6 -18 1
-5 -18 2
2 -19 3
2 -19 4
-1 -19 0
1 -19 2
-2 -19 0
0 -19 1
-2 -19 -1
1 -19 -3
-4 -19 0
-3 -19 -1
0 -19 -2
-4 -19 1
1 -19 1
-1 -19 -3
-3 -19 0
-5 -19 1
-6 -19 1
2 -20 3
2 -20 4
-1 -20 0
1 -20 2
-2 -20 0
0 -20 1
-2 -20 -1
1 -20 -3
-4 -20 0
-3 -20 -1
0 -20 -2
-4 -20 1
1 -20 1
-1 -20 -3
-3 -20 0
-5 -20 1
-6 -20 1
-3 -20 1
2 -21 3
-1 -21 0
1 -21 2
-2 -21 0
0 -21 1
-2 -21 -1
1 -21 -3
-4 -21 0
0 -21 -2
-4 -21 1
1 -21 1
-1 -21 -3
-3 -21 0
-5 -21 1
-6 -21 1
-3 -21 1
3 -21 3
-1 -21 -2
-1 -22 0
1 -22 2
-2 -22 0
0 -22 1
1 -22 -3
-4 -22 0
0 -22 -2
-4 -22 1
1 -22 1
-1 -22 -3
-3 -22 0
-5 -22 1
-6 -22 1
-3 -22 1
3 -22 3
-1 -22 -2
2 -22 2
-2 -23 0
0 -23 1
1 -23 -3
-4 -23 0
0 -23 -2
1 -23 1
-1 -23 -3
-3 -23 0
-5 -23 1
-6 -23 1
-3 -23 1
3 -23 3
-1 -23 -2
2 -23 2
-7 -23 1
-2 -24 0
0 -24 1
1 -24 -3
0 -24 -2
1 -24 1
-1 -24 -3
-3 -24 0
-5 -24 1
-6 -24 1
-3 -24 1
3 -24 3
-1 -24 -2
2 -24 2
-7 -24 1
-8 -24 1
-2 -25 0
1 -25 -3
0 -25 -2
1 -25 1
-1 -25 -3
-3 -25 0
-5 -25 1
-6 -25 1
-3 -25 1
3 -25 3
-1 -25 -2
2 -25 2
-7 -25 1
-8 -25 1
1 -25 -2
4 -25 3
3 -25 2
-5 -25 0
-8 -25 0
-2 -26 0
0 -26 -2
1 -26 1
-1 -26 -3
-3 -26 0
-5 -26 1
-6 -26 1
-3 -26 1
3 -26 3
-1 -26 -2
2 -26 2
-7 -26 1
-8 -26 1
1 -26 -2
4 -26 3
3 -26 2
-5 -26 0
-8 -26 0
4 -26 4
-5 -26 -1
-2 -27 0
1 -27 1
-1 -27 -3
-3 -27 0
-5 -27 1
-6 -27 1
-3 -27 1
3 -27 3
-1 -27 -2
2 -27 2
-7 -27 1
-8 -27 1
1 -27 -2
4 -27 3
3 -27 2
-5 -27 0
-8 -27 0
4 -27 4
-5 -27 -1
-4 -27 1
5 -27 4
4 -27 5
-2 -28 0
1 -28 1
-1 -28 -3
-3 -28 0
-5 -28 1
-3 -28 1
3 -28 3
-1 -28 -2
2 -28 2
-7 -28 1
-8 -28 1
1 -28 -2
4 -28 3
3 -28 2
-5 -28 0
4 -28 4
-5 -28 -1
-4 -28 1
5 -28 4
4 -28 5
-6 -28 0
-2 -29 0
1 -29 1
-1 -29 -3
-3 -29 0
-5 -29 1
-3 -29 1
3 -29 3
-1 -29 -2
2 -29 2
-7 -29 1
1 -29 -2
4 -29 3
3 -29 2
-5 -29 0
4 -29 4
-5 -29 -1
-4 -29 1
5 -29 4
4 -29 5
-6 -29 0
4 -29 6
1 -29 0
-3 -30 0
-5 -30 1
-3 -30 1
3 -30 3
-1 -30 -2
2 -30 2
-7 -30 1
1 -30 -2
4 -30 3
3 -30 2
-5 -30 0
4 -30 4
-5 -30 -1
-4 -30 1
5 -30 4
-6 -30 0
4 -30 6
1 -30 0
4 -30 7
-5 -31 1
-3 -31 1
3 -31 3
-1 -31 -2
2 -31 2
-7 -31 1
1 -31 -2
4 -31 3
3 -31 2
-5 -31 0
4 -31 4
-5 -31 -1
-4 -31 1
5 -31 4
-6 -31 0
4 -31 6
1 -31 0
4 -31 7
4 -31 5
-5 -32 1
-3 -32 1
3 -32 3
-1 -32 -2
2 -32 2
-7 -32 1
1 -32 -2
4 -32 3
3 -32 2
-5 -32 0
4 -32 4
-5 -32 -1
-4 -32 1
-6 -32 0
4 -32 6
1 -32 0
4 -32 5
0 -32 -2
-2 -32 -2
3 -32 5
-3 -33 1
3 -33 3
-1 -33 -2
2 -33 2
-7 -33 1
1 -33 -2
4 -33 3
3 -33 2
-5 -33 0
-5 -33 -1
-4 -33 1
-6 -33 0
4 -33 6
1 -33 0
4 -33 5
0 -33 -2
-2 -33 -2
3 -33 5
1 -33 1
-3 -34 1
3 -34 3
-1 -34 -2
2 -34 2
-7 -34 1
1 -34 -2
4 -34 3
3 -34 2
-5 -34 0
-5 -34 -1
-4 -34 1
-6 -34 0
4 -34 6
1 -34 0
4 -34 5
0 -34 -2
-2 -34 -2
3 -34 5
1 -34 1
-4 -34 0
-3 -35 1
3 -35 3
-1 -35 -2
2 -35 2
-7 -35 1
1 -35 -2
4 -35 3
3 -35 2
-5 -35 0
-5 -35 -1
-4 -35 1
-6 -35 0
4 -35 6
1 -35 0
4 -35 5
0 -35 -2
-2 -35 -2
3 -35 5
1 -35 1
-4 -35 0
-5 -35 1
-3 -36 1
3 -36 3
-1 -36 -2
2 -36 2
-7 -36 1
1 -36 -2
4 -36 3
3 -36 2
-5 -36 0
-5 -36 -1
-4 -36 1
-6 -36 0
4 -36 6
1 -36 0
4 -36 5
0 -36 -2
-2 -36 -2
3 -36 5
1 -36 1
-4 -36 0
-5 -36 1
-3 -37 1
3 -37 3
-1 -37 -2
-7 -37 1
1 -37 -2
4 -37 3
3 -37 2
-5 -37 0
-5 -37 -1
-4 -37 1
-6 -37 0
4 -37 6
1 -37 0
4 -37 5
0 -37 -2
-2 -37 -2
3 -37 5
1 -37 1
-4 -37 0
-5 -37 1
3 -37 4
4 -37 4
3 -38 3
-1 -38 -2
-7 -38 1
1 -38 -2
4 -38 3
-5 -38 0
-5 -38 -1
-4 -38 1
-6 -38 0
4 -38 6
1 -38 0
4 -38 5
0 -38 -2
3 -38 5
1 -38 1
-4 -38 0
-5 -38 1
3 -38 4
4 -38 4
5 -38 6
-7 -39 1
1 -39 -2
4 -39 3
-5 -39 0
-5 -39 -1
-4 -39 1
-6 -39 0
4 -39 6
1 -39 0
4 -39 5
0 -39 -2
3 -39 5
1 -39 1
-4 -39 0
-5 -39 1
3 -39 4
4 -39 4
5 -39 6
-7 -40 1
1 -40 -2
4 -40 3
-5 -40 0
-5 -40 -1
-4 -40 1
-6 -40 0
4 -40 6
1 -40 0
4 -40 5
0 -40 -2
3 -40 5
1 -40 1
-4 -40 0
-5 -40 1
3 -40 4
4 -40 4
5 -40 6
1 -40 -1
1 -41 -2
4 -41 3
-5 -41 0
-5 -41 -1
-4 -41 1
-6 -41 0
4 -41 6
1 -41 0
4 -41 5
0 -41 -2
3 -41 5
1 -41 1
-4 -41 0
-5 -41 1
3 -41 4
4 -41 4
5 -41 6
1 -41 -1
-8 -41 1
1 -42 -2
4 -42 3
-5 -42 0
-5 -42 -1
-4 -42 1
-6 -42 0
4 -42 6
1 -42 0
4 -42 5
0 -42 -2
3 -42 5
1 -42 1
-4 -42 0
-5 -42 1
3 -42 4
4 -42 4
5 -42 6
1 -42 -1
-8 -42 1
1 -43 -2
-5 -43 0
-5 -43 -1
-4 -43 1
-6 -43 0
4 -43 6
1 -43 0
4 -43 5
0 -43 -2
3 -43 5
1 -43 1
-4 -43 0
-5 -43 1
3 -43 4
4 -43 4
5 -43 6
1 -43 -1
-8 -43 1
-7 -43 1
1 -44 -2
-5 -44 0
-4 -44 1
-6 -44 0
4 -44 6
1 -44 0
4 -44 5
0 -44 -2
3 -44 5
1 -44 1
-4 -44 0
-5 -44 1
3 -44 4
4 -44 4
5 -44 6
1 -44 -1
-8 -44 1
-7 -44 1
1 -45 -2
-5 -45 0
-4 -45 1
-6 -45 0
4 -45 6
1 -45 0
4 -45 5
0 -45 -2
3 -45 5
1 -45 1
-4 -45 0
-5 -45 1
3 -45 4
4 -45 4
5 -45 6
1 -45 -1
-8 -45 1
-7 -45 1
-5 -45 2
1 -46 -2
-5 -46 0
-4 -46 1
4 -46 6
1 -46 0
4 -46 5
0 -46 -2
3 -46 5
-4 -46 0
-5 -46 1
3 -46 4
4 -46 4
5 -46 6
1 -46 -1
-8 -46 1
-7 -46 1
-5 -46 2
5 -46 5
5 -46 4
-6 -46 1
0 -46 -1
-6 -46 2
1 -47 -2
-5 -47 0
-4 -47 1
4 -47 5
0 -47 -2
3 -47 5
-4 -47 0
-5 -47 1
3 -47 4
4 -47 4
5 -47 6
1 -47 -1
-8 -47 1
-7 -47 1
-5 -47 2
5 -47 5
5 -47 4
-6 -47 1
0 -47 -1
-6 -47 2
1 -48 -2
-5 -48 0
-4 -48 1
4 -48 5
0 -48 -2
3 -48 5
-4 -48 0
-5 -48 1
3 -48 4
4 -48 4
5 -48 6
1 -48 -1
-8 -48 1
-7 -48 1
-5 -48 2
5 -48 5
5 -48 4
-6 -48 1
0 -48 -1
-6 -48 2
1 -49 -2
-5 -49 0
-4 -49 1
0 -49 -2
-4 -49 0
-5 -49 1
3 -49 4
4 -49 4
5 -49 6
1 -49 -1
-8 -49 1
-7 -49 1
-5 -49 2
5 -49 5
5 -49 4
-6 -49 1
0 -49 -1
-6 -49 2
-4 -49 -1
1 -50 -2
-5 -50 0
-4 -50 1
-4 -50 0
-5 -50 1
3 -50 4
4 -50 4
5 -50 6
1 -50 -1
-8 -50 1
-7 -50 1
-5 -50 2
5 -50 5
5 -50 4
-6 -50 1
0 -50 -1
-6 -50 2
-4 -50 -1
-3 -50 -1
4 -50 5
1 -51 -2
-5 -51 0
-4 -51 1
-4 -51 0
-5 -51 1
3 -51 4
4 -51 4
5 -51 6
1 -51 -1
-8 -51 1
-7 -51 1
-5 -51 2
5 -51 5
5 -51 4
-6 -51 1
0 -51 -1
-6 -51 2
-4 -51 -1
-3 -51 -1
4 -51 5
1 -52 -2
-5 -52 0
-4 -52 1
-5 -52 1
3 -52 4
4 -52 4
5 -52 6
1 -52 -1
-8 -52 1
-7 -52 1
-5 -52 2
5 -52 5
5 -52 4
-6 -52 1
0 -52 -1
-6 -52 2
-4 -52 -1
-3 -52 -1
4 -52 5
1 -53 -2
-5 -53 0
-4 -53 1
3 -53 4
4 -53 4
5 -53 6
1 -53 -1
-8 -53 1
-7 -53 1
-5 -53 2
5 -53 5
5 -53 4
-6 -53 1
0 -53 -1
-6 -53 2
-4 -53 -1
-3 -53 -1
4 -53 5
1 -54 -2
-5 -54 0
-4 -54 1
4 -54 4
5 -54 6
1 -54 -1
-8 -54 1
-7 -54 1
-5 -54 2
5 -54 5
5 -54 4
-6 -54 1
0 -54 -1
-6 -54 2
-4 -54 -1
-3 -54 -1
4 -54 5
2 -54 -2
-2 -54 -1
1 -55 -2
-5 -55 0
-4 -55 1
5 -55 6
1 -55 -1
-8 -55 1
-7 -55 1
-5 -55 2
5 -55 5
5 -55 4
-6 -55 1
0 -55 -1
-6 -55 2
-4 -55 -1
-3 -55 -1
4 -55 5
2 -55 -2
-2 -55 -1
6 -55 5
3 -55 -2
1 -55 0
2 -55 -3
1 -56 -2
-5 -56 0
-4 -56 1
1 -56 -1
-8 -56 1
-7 -56 1
-5 -56 2
5 -56 5
5 -56 4
-6 -56 1
0 -56 -1
-6 -56 2
-4 -56 -1
-3 -56 -1
4 -56 5
2 -56 -2
-2 -56 -1
6 -56 5
3 -56 -2
1 -56 0
2 -56 -3
4 -56 -2
2 -56 -4
1 -57 -2
-5 -57 0
-4 -57 1
1 -57 -1
-7 -57 1
-5 -57 2
5 -57 5
5 -57 4
-6 -57 1
0 -57 -1
-6 -57 2
-4 -57 -1
-3 -57 -1
4 -57 5
2 -57 -2
-2 -57 -1
6 -57 5
3 -57 -2
2 -57 -3
4 -57 -2
2 -57 -4
-4 -57 2
1 -57 -4
1 -58 -2
-5 -58 0
-4 -58 1
-5 -58 2
5 -58 5
5 -58 4
-6 -58 1
0 -58 -1
-6 -58 2
-4 -58 -1
-3 -58 -1
4 -58 5
2 -58 -2
-2 -58 -1
6 -58 5
3 -58 -2
2 -58 -3
4 -58 -2
2 -58 -4
-4 -58 2
1 -58 -4
-3 -58 2
1 -58 -5
1 -59 -2
-5 -59 0
-4 -59 1
-5 -59 2
5 -59 5
5 -59 4
0 -59 -1
-6 -59 2
-4 -59 -1
-3 -59 -1
4 -59 5
2 -59 -2
-2 -59 -1
6 -59 5
3 -59 -2
2 -59 -3
4 -59 -2
2 -59 -4
-4 -59 2
1 -59 -4
-3 -59 2
1 -59 -5
0 -59 -5
1 -60 -2
-5 -60 0
-4 -60 1
-5 -60 2
5 -60 5
5 -60 4
0 -60 -1
-4 -60 -1
-3 -60 -1
4 -60 5
2 -60 -2
-2 -60 -1
6 -60 5
3 -60 -2
2 -60 -3
4 -60 -2
2 -60 -4
-4 -60 2
1 -60 -4
-3 -60 2
1 -60 -5
0 -60 -5
-5 -60 -1
0 -60 -6
-4 -61 1
-5 -61 2
5 -61 5
5 -61 4
0 -61 -1
-4 -61 -1
4 -61 5
2 -61 -2
-2 -61 -1
6 -61 5
3 -61 -2
2 -61 -3
2 -61 -4
-4 -61 2
1 -61 -4
-3 -61 2
1 -61 -5
0 -61 -5
-5 -61 -1
0 -61 -6
2 -61 -5
-4 -62 1
-5 -62 2
5 -62 5
5 -62 4
0 -62 -1
-4 -62 -1
4 -62 5
2 -62 -2
-2 -62 -1
6 -62 5
3 -62 -2
2 -62 -3
-4 -62 2
1 -62 -4
-3 -62 2
1 -62 -5
0 -62 -5
-5 -62 -1
0 -62 -6
2 -62 -5
-1 -62 -1
5 -63 5
0 -63 -1
-4 -63 -1
4 -63 5
2 -63 -2
-2 -63 -1
6 -63 5
3 -63 -2
2 -63 -3
-4 -63 2
1 -63 -4
-3 -63 2
1 -63 -5
0 -63 -5
-5 -63 -1
0 -63 -6
2 -63 -5
-1 -63 -1
3 -63 -5
-1 -63 -5
-4 -63 0
-4 -64 -1
4 -64 5
2 -64 -2
-2 -64 -1
6 -64 5
3 -64 -2
2 -64 -3
-4 -64 2
1 -64 -4
-3 -64 2
1 -64 -5
0 -64 -5
-5 -64 -1
0 -64 -6
2 -64 -5
-1 -64 -1
3 -64 -5
-1 -64 -5
-4 -64 0
4 -64 -5
-2 -64 -5
-4 -65 -1
4 -65 5
2 -65 -2
-2 -65 -1
6 -65 5
3 -65 -2
-4 -65 2
1 -65 -4
-3 -65 2
1 -65 -5
0 -65 -5
-5 -65 -1
0 -65 -6
2 -65 -5
-1 -65 -1
3 -65 -5
-1 -65 -5
-4 -65 0
4 -65 -5
-2 -65 -5
-2 -65 -4
-2 -65 -2
-2 -65 -6
-4 -66 -1
4 -66 5
-2 -66 -1
6 -66 5
3 -66 -2
-4 -66 2
1 -66 -4
-3 -66 2
1 -66 -5
0 -66 -5
-5 -66 -1
0 -66 -6
2 -66 -5
-1 -66 -1
3 -66 -5
-1 -66 -5
-4 -66 0
4 -66 -5
-2 -66 -5
-2 -66 -4
-2 -66 -2
-2 -66 -6
3 -66 -1
4 -66 -6
4 -67 5
-2 -67 -1
6 -67 5
-4 -67 2
1 -67 -4
-3 -67 2
1 -67 -5
0 -67 -5
-5 -67 -1
2 -67 -5
-1 -67 -1
3 -67 -5
-1 -67 -5
-4 -67 0
4 -67 -5
-2 -67 -5
-2 -67 -4
-2 -67 -2
-2 -67 -6
3 -67 -1
4 -67 -6
5 -67 -6
4 -67 6
-2 -68 -1
6 -68 5
-4 -68 2
1 -68 -4
-3 -68 2
1 -68 -5
0 -68 -5
-5 -68 -1
2 -68 -5
-1 -68 -1
3 -68 -5
-1 -68 -5
-4 -68 0
4 -68 -5
-2 -68 -5
-2 -68 -4
-2 -68 -2
-2 -68 -6
3 -68 -1
4 -68 -6
5 -68 -6
4 -68 6
6 -68 6
-2 -69 -1
6 -69 5
-4 -69 2
1 -69 -4
-3 -69 2
1 -69 -5
0 -69 -5
-5 -69 -1
2 -69 -5
-1 -69 -1
3 -69 -5
-1 -69 -5
-4 -69 0
4 -69 -5
-2 -69 -5
-2 -69 -4
-2 -69 -2
-2 -69 -6
3 -69 -1
4 -69 -6
5 -69 -6
4 -69 6
6 -69 6
-2 -70 -1
6 -70 5
-4 -70 2
1 -70 -4
-3 -70 2
1 -70 -5
-5 -70 -1
2 -70 -5
-1 -70 -1
3 -70 -5
-1 -70 -5
-4 -70 0
4 -70 -5
-2 -70 -5
-2 -70 -4
-2 -70 -2
3 -70 -1
4 -70 -6
5 -70 -6
4 -70 6
6 -70 6
-2 -71 -1
6 -71 5
-4 -71 2
-3 -71 2
1 -71 -5
-5 -71 -1
2 -71 -5
-1 -71 -1
3 -71 -5
-1 -71 -5
-4 -71 0
4 -71 -5
-2 -71 -5
-2 -71 -4
-2 -71 -2
3 -71 -1
4 -71 -6
5 -71 -6
4 -71 6
6 -71 6
-5 -71 2
6 -72 5
-4 -72 2
-3 -72 2
1 -72 -5
-5 -72 -1
2 -72 -5
-1 -72 -1
3 -72 -5
-1 -72 -5
-4 -72 0
4 -72 -5
-2 -72 -5
-2 -72 -4
-2 -72 -2
3 -72 -1
4 -72 -6
5 -72 -6
4 -72 6
6 -72 6
-5 -72 2
-4 -73 2
-3 -73 2
-5 -73 -1
2 -73 -5
-1 -73 -1
3 -73 -5
-1 -73 -5
-4 -73 0
4 -73 -5
-2 -73 -5
-2 -73 -4
-2 -73 -2
3 -73 -1
4 -73 -6
5 -73 -6
4 -73 6
6 -73 6
-5 -73 2
-3 -73 -5
-4 -73 3
4 -73 7
-4 -74 2
-5 -74 -1
2 -74 -5
-1 -74 -1
3 -74 -5
-1 -74 -5
-4 -74 0
4 -74 -5
-2 -74 -5
-2 -74 -4
-2 -74 -2
3 -74 -1
4 -74 -6
5 -74 -6
4 -74 6
6 -74 6
-3 -74 -5
-4 -74 3
4 -74 7
-4 -74 -5
6 -74 7
-4 -74 4
2 -74 -6
-5 -75 -1
2 -75 -5
-1 -75 -1
3 -75 -5
-4 -75 0
-2 -75 -5
-2 -75 -4
-2 -75 -2
3 -75 -1
4 -75 -6
5 -75 -6
4 -75 6
6 -75 6
-3 -75 -5
-4 -75 3
4 -75 7
-4 -75 -5
6 -75 7
-4 -75 4
2 -75 -6
1 -75 -6
-4 -75 5
2 -75 -7
-5 -76 -1
2 -76 -5
-1 -76 -1
3 -76 -5
-4 -76 0
-2 -76 -4
-2 -76 -2
3 -76 -1
4 -76 -6
5 -76 -6
4 -76 6
6 -76 6
-3 -76 -5
-4 -76 3
4 -76 7
-4 -76 -5
6 -76 7
-4 -76 4
2 -76 -6
1 -76 -6
2 -76 -7
2 -76 -8
-5 -77 -1
2 -77 -5
-1 -77 -1
3 -77 -5
-4 -77 0
-2 -77 -4
-2 -77 -2
3 -77 -1
4 -77 -6
5 -77 -6
4 -77 6
6 -77 6
-3 -77 -5
-4 -77 3
4 -77 7
-4 -77 -5
6 -77 7
-4 -77 4
2 -77 -6
1 -77 -6
2 -77 -7
2 -77 -8
-5 -77 0
-5 -77 4
-2 -77 -3
2 -78 -5
-1 -78 -1
-4 -78 0
-2 -78 -4
-2 -78 -2
3 -78 -1
4 -78 -6
5 -78 -6
4 -78 6
6 -78 6
-3 -78 -5
-4 -78 3
4 -78 7
-4 -78 -5
6 -78 7
-4 -78 4
2 -78 -6
1 -78 -6
2 -78 -7
2 -78 -8
-5 -78 0
-5 -78 4
-2 -78 -3
-6 -78 4
-1 -79 -1
-4 -79 0
-2 -79 -4
-2 -79 -2
3 -79 -1
4 -79 -6
5 -79 -6
4 -79 6
6 -79 6
-3 -79 -5
-4 -79 3
4 -79 7
-4 -79 -5
6 -79 7
-4 -79 4
2 -79 -6
1 -79 -6
2 -79 -7
2 -79 -8
-5 -79 0
-5 -79 4
-2 -79 -3
-6 -79 4
-1 -79 0
-4 -79 1
4 -79 5
-4 -80 0
-2 -80 -4
-2 -80 -2
3 -80 -1
4 -80 -6
5 -80 -6
4 -80 6
6 -80 6
-3 -80 -5
-4 -80 3
4 -80 7
-4 -80 -5
6 -80 7
-4 -80 4
2 -80 -6
1 -80 -6
2 -80 -7
2 -80 -8
-5 -80 0
-5 -80 4
-2 -80 -3
-6 -80 4
-1 -80 0
-4 -80 1
4 -80 5
-1 -80 1
-2 -81 -4
-2 -81 -2
3 -81 -1
4 -81 -6
5 -81 -6
4 -81 6
6 -81 6
-3 -81 -5
-4 -81 3
4 -81 7
-4 -81 -5
6 -81 7
-4 -81 4
2 -81 -6
1 -81 -6
2 -81 -7
2 -81 -8
-5 -81 0
-5 -81 4
-2 -81 -3
-6 -81 4
-1 -81 0
-4 -81 1
4 -81 5
-1 -81 1
5 -81 6
-2 -82 -2
3 -82 -1
4 -82 -6
4 -82 6
6 -82 6
-3 -82 -5
-4 -82 3
4 -82 7
-4 -82 -5
6 -82 7
-4 -82 4
2 -82 -6
1 -82 -6
2 -82 -7
2 -82 -8
-5 -82 0
-5 -82 4
-2 -82 -3
-6 -82 4
-1 -82 0
-4 -82 1
4 -82 5
-1 -82 1
5 -82 6
-7 -82 4
4 -82 -5
-4 -82 5
3 -83 -1
4 -83 -6
4 -83 6
6 -83 6
-3 -83 -5
-4 -83 3
4 -83 7
-4 -83 -5
6 -83 7
-4 -83 4
2 -83 -6
1 -83 -6
2 -83 -7
2 -83 -8
-5 -83 0
-5 -83 4
-2 -83 -3
-6 -83 4
-1 -83 0
-4 -83 1
4 -83 5
-1 -83 1
5 -83 6
-7 -83 4
4 -83 -5
-4 -83 5
-3 -83 -4
3 -83 -2
-2 -83 -4
4 -84 6
6 -84 6
-3 -84 -5
4 -84 7
6 -84 7
-4 -84 4
2 -84 -6
1 -84 -6
2 -84 -7
2 -84 -8
-5 -84 0
-5 -84 4
-2 -84 -3
-6 -84 4
-1 -84 0
-4 -84 1
4 -84 5
-1 -84 1
5 -84 6
-7 -84 4
4 -84 -5
-3 -84 -4
3 -84 -2
-2 -84 -4
6 -85 6
-3 -85 -5
4 -85 7
6 -85 7
2 -85 -6
1 -85 -6
2 -85 -7
2 -85 -8
-5 -85 0
-5 -85 4
-2 -85 -3
-6 -85 4
-1 -85 0
-4 -85 1
4 -85 5
-1 -85 1
5 -85 6
-7 -85 4
4 -85 -5
-3 -85 -4
3 -85 -2
-2 -85 -4
-3 -86 -5
4 -86 7
6 -86 7
2 -86 -6
1 -86 -6
2 -86 -7
2 -86 -8
-5 -86 0
-2 -86 -3
-6 -86 4
-1 -86 0
-4 -86 1
4 -86 5
-1 -86 1
5 -86 6
-7 -86 4
4 -86 -5
-3 -86 -4
3 -86 -2
-2 -86 -4
3 -86 7
-3 -87 -5
4 -87 7
6 -87 7
2 -87 -6
1 -87 -6
2 -87 -8
-5 -87 0
-2 -87 -3
-1 -87 0
-4 -87 1
4 -87 5
-1 -87 1
5 -87 6
-7 -87 4
4 -87 -5
-3 -87 -4
3 -87 -2
-2 -87 -4
3 -87 7
5 -87 -5
-1 -87 -4
4 -87 6
3 -87 8
-3 -88 -5
4 -88 7
6 -88 7
2 -88 -6
1 -88 -6
2 -88 -8
-5 -88 0
-2 -88 -3
-1 -88 0
-4 -88 1
4 -88 5
-1 -88 1
5 -88 6
-7 -88 4
4 -88 -5
-3 -88 -4
3 -88 -2
-2 -88 -4
3 -88 7
5 -88 -5
-1 -88 -4
4 -88 6
3 -88 8
6 -88 -5
-2 -88 1
-8 -88 4
2 -88 -7
-3 -89 -5
4 -89 7
6 -89 7
2 -89 -6
1 -89 -6
2 -89 -8
-5 -89 0
-2 -89 -3
-1 -89 0
-4 -89 1
4 -89 5
5 -89 6
-7 -89 4
4 -89 -5
-3 -89 -4
3 -89 -2
-2 -89 -4
3 -89 7
5 -89 -5
-1 -89 -4
4 -89 6
3 -89 8
6 -89 -5
-2 -89 1
-8 -89 4
2 -89 -7
7 -89 -5
-3 -90 -5
4 -90 7
6 -90 7
2 -90 -6
1 -90 -6
2 -90 -8
-5 -90 0
-2 -90 -3
-1 -90 0
-4 -90 1
4 -90 5
5 -90 6
-7 -90 4
4 -90 -5
-3 -90 -4
3 -90 -2
-2 -90 -4
3 -90 7
5 -90 -5
-1 -90 -4
4 -90 6
3 -90 8
6 -90 -5
-2 -90 1
-8 -90 4
2 -90 -7
7 -90 -5
5 -90 7
-5 -90 1
6 -91 7
2 -91 -6
2 -91 -8
-5 -91 0
-2 -91 -3
-1 -91 0
-4 -91 1
4 -91 5
5 -91 6
-7 -91 4
4 -91 -5
-3 -91 -4
3 -91 -2
-2 -91 -4
3 -91 7
5 -91 -5
-1 -91 -4
4 -91 6
6 -91 -5
-2 -91 1
-8 -91 4
2 -91 -7
7 -91 -5
5 -91 7
-5 -91 1
-6 -91 0
7 -91 -4
2 -92 -8
-5 -92 0
-2 -92 -3
-1 -92 0
-4 -92 1
4 -92 5
5 -92 6
-7 -92 4
4 -92 -5
-3 -92 -4
3 -92 -2
-2 -92 -4
3 -92 7
5 -92 -5
-1 -92 -4
4 -92 6
6 -92 -5
-2 -92 1
-8 -92 4
2 -92 -7
5 -92 7
-5 -92 1
-6 -92 0
7 -92 -4
8 -92 -4
-7 -92 0
2 -93 -8
-5 -93 0
-2 -93 -3
-1 -93 0
-4 -93 1
4 -93 5
5 -93 6
-7 -93 4
4 -93 -5
-3 -93 -4
3 -93 -2
-2 -93 -4
3 -93 7
5 -93 -5
-1 -93 -4
4 -93 6
6 -93 -5
-2 -93 1
-8 -93 4
2 -93 -7
5 -93 7
-5 -93 1
-6 -93 0
7 -93 -4
8 -93 -4
-7 -93 0
-1 -93 -3
4 -93 7
-5 -94 0
-2 -94 -3
-1 -94 0
-4 -94 1
4 -94 5
5 -94 6
-7 -94 4
4 -94 -5
-3 -94 -4
3 -94 -2
-2 -94 -4
3 -94 7
5 -94 -5
-1 -94 -4
4 -94 6
6 -94 -5
-2 -94 1
-8 -94 4
2 -94 -7
5 -94 7
-5 -94 1
-6 -94 0
7 -94 -4
-7 -94 0
-1 -94 -3
4 -94 7
-1 -95 0
-4 -95 1
4 -95 5
5 -95 6
-7 -95 4
4 -95 -5
-3 -95 -4
3 -95 -2
-2 -95 -4
3 -95 7
5 -95 -5
-1 -95 -4
4 -95 6
6 -95 -5
-2 -95 1
-8 -95 4
2 -95 -7
5 -95 7
-5 -95 1
-6 -95 0
7 -95 -4
-7 -95 0
-1 -95 -3
4 -95 7
0 -95 0
-8 -95 0
-1 -96 0
-4 -96 1
4 -96 5
5 -96 6
-7 -96 4
4 -96 -5
-3 -96 -4
3 -96 -2
-2 -96 -4
3 -96 7
5 -96 -5
-1 -96 -4
4 -96 6
6 -96 -5
-2 -96 1
-8 -96 4
2 -96 -7
5 -96 7
-5 -96 1
-6 -96 0
7 -96 -4
-7 -96 0
-1 -96 -3
4 -96 7
0 -96 0
-8 -96 0
-8 -96 -1
5 -97 6
-7 -97 4
4 -97 -5
-3 -97 -4
3 -97 -2
-2 -97 -4
3 -97 7
5 -97 -5
-1 -97 -4
4 -97 6
6 -97 -5
-2 -97 1
-8 -97 4
2 -97 -7
5 -97 7
-5 -97 1
-6 -97 0
7 -97 -4
-7 -97 0
-1 -97 -3
4 -97 7
0 -97 0
-8 -97 0
-8 -97 -1
4 -97 -2
5 -97 -4
5 -98 6
-7 -98 4
4 -98 -5
-3 -98 -4
3 -98 -2
-2 -98 -4
3 -98 7
5 -98 -5
-1 -98 -4
4 -98 6
6 -98 -5
-2 -98 1
-8 -98 4
2 -98 -7
5 -98 7
-5 -98 1
-6 -98 0
7 -98 -4
-7 -98 0
-1 -98 -3
4 -98 7
0 -98 0
-8 -98 0
-8 -98 -1
4 -98 -2
5 -98 -4
-4 -98 -4
4 -98 -1
-7 -99 4
4 -99 -5
-3 -99 -4
3 -99 -2
-2 -99 -4
3 -99 7
5 -99 -5
-1 -99 -4
4 -99 6
6 -99 -5
-2 -99 1
-8 -99 4
2 -99 -7
5 -99 7
-5 -99 1
-6 -99 0
7 -99 -4
-7 -99 0
-1 -99 -3
4 -99 7
0 -99 0
-8 -99 0
-8 -99 -1
4 -99 -2
5 -99 -4
-4 -99 -4
4 -99 -1
0 -99 -4
5 -99 -1
-5 -99 -4
4 -99 0
2 -99 -8
-3 -100 -4
3 -100 -2
-2 -100 -4
3 -100 7
5 -100 -5
-1 -100 -4
4 -100 6
6 -100 -5
-2 -100 1
-8 -100 4
2 -100 -7
5 -100 7
-5 -100 1
-6 -100 0
7 -100 -4
-7 -100 0
-1 -100 -3
4 -100 7
0 -100 0
-8 -100 0
-8 -100 -1
4 -100 -2
5 -100 -4
-4 -100 -4
4 -100 -1
0 -100 -4
5 -100 -1
-5 -100 -4
4 -100 0
2 -100 -8
-4 -100 1
6 -100 -4
6 -100 -1
-1 -100 0
-6 -100 -4
1 -100 -8
4 -100 1
-5 -100 -5