1.91
1.72
1.65
1.83
1.66
1.89
1.90
1.71
1.81
1.78
1.91
1.74
1.58
1.97
2.07
1.62
1.80
1.66
1.84
1.69
1.57
1.73
1.84
1.62
1.79
1.84
1.69
1.84
1.60
1.74
1.77
1.86
1.79
1.76
1.66
1.78
1.71
1.36
1.30
1.45
1.74
1.74
1.78
1.86
1.75
1.56
1.76
1.95
1.55
1.63
1.87
1.70
1.61
2.01
1.66
1.69
1.57
1.59
1.68
1.76
1.86
1.64
1.87
1.53
1.70
1.60
1.62
2.03
1.61
1.66
1.73
1.81
1.71
1.97
1.70
1.66
1.66
1.64
1.64
1.82
1.89
1.73
1.54
1.91
1.81
1.75
1.64
2.01
1.70
1.60
1.71
1.59
1.54
1.82
1.76
1.76
1.74
1.82
1.77
1.48
1.62
1.88
1.78
1.61
1.74
1.89
1.75
1.75
1.83
1.77
1.66
1.97
1.75
1.51
1.62
1.97
1.67
2.09
1.75
1.79
1.75
1.61
1.52
1.77
1.73
1.61
1.96
1.64
1.70
1.81
1.77
1.71
2.06
1.91
1.54
1.83
1.60
1.95
1.55
1.84
1.83
1.74
1.81
1.51
1.66
1.78
1.99
1.61
1.75
1.76
1.79
1.57
1.91
1.81
1.85
1.83
1.78
1.68
1.73
1.49
1.63
1.44
1.83
1.63
1.71
2.05
1.50
1.63
1.60
1.88
1.68
1.95
1.77
1.69
1.84
1.80
1.64
1.76
1.73
1.79
1.86
1.75
1.75
2.06
1.80
1.88
1.76
1.65
2.05
1.71
1.79
1.77
1.92
1.52
1.82
1.76
1.80
1.72
1.76
1.85
1.65
1.83
1.61
1.86
1.81
1.82
1.95
1.81
1.74
1.70
2.07
1.73
1.70
1.75
1.76
1.78
1.60
1.79
1.78
1.84
1.92
1.74
1.61
1.74
1.85
1.77
1.77
1.74
1.75
1.82
1.66
1.29
1.18
1.20
1.23
1.23
1.37
1.15
1.24
1.20
1.21
1.13
1.65
2.23
1.65
1.76
1.57
2.09
1.75
1.65
1.63
1.88
1.69
1.92
1.80
1.72
1.79
1.71
1.61
1.69
1.78
1.82
1.49
1.81
1.69
1.97
1.66
1.86
1.60
1.72
1.72
1.72
1.61
1.67
1.76
1.99
1.92
1.77
1.78
1.91
1.69
1.61
1.68
1.65
1.92
1.88
1.73
1.96
1.55
1.59
1.54
1.78
1.92
1.74
1.67
1.69
1.70
1.61
1.68
1.73
1.61
1.76
1.79
1.79
1.84
1.80
1.75
1.70
1.67
1.91
1.94
1.81
1.79
1.68
1.64
1.66
1.85
1.79
1.79
1.45
1.94
1.69
1.38
1.69
1.62
1.55
1.99
1.56
1.67
1.69
1.81
1.46
1.70
1.75
1.82
1.64
1.94
1.82
1.97
1.71
1.77
1.79
1.89
1.88
1.68
1.71
1.68
1.88
1.69
1.72
1.81
1.64
1.73
1.58
1.80
1.75
1.78
1.69
1.86
1.67
1.79
1.95
1.80
1.79
1.64
1.75
1.44
1.66
1.69
1.76
1.56
1.65
1.81
1.54
1.79
1.95
1.80
1.59
1.74
1.90
1.82
1.71
1.74
1.54
1.58
1.58
1.93
1.32
1.31
1.52
1.70
1.74
1.86
1.61
1.66
1.82
1.82
1.74
1.72
1.75
1.84
1.80
1.73
1.74
1.82
1.63
1.90
1.70
1.83
1.83
1.80
1.64
1.90
1.66
1.87
1.77
1.75
1.45
1.89
1.63
1.73
2.00
1.84
1.68
1.95
1.68
1.73
1.91
1.61
1.81
1.54
1.67
1.91
1.70
1.63
1.81
1.83
1.68
1.96
1.72
1.65
1.70
2.00
1.58
1.72
1.79
1.69
1.77
1.95
1.63
1.72
1.62
1.64
1.70
1.80
1.75
1.68
1.64
1.94
1.48
1.76
1.78
1.14
1.11
1.43
1.72
1.58
1.62
1.79
1.84
1.64
1.46
1.30
1.87
1.56
1.65
1.71
1.74
1.61
1.80
1.91
1.66
1.86
1.89
1.74
1.70
1.75
1.72
1.82
1.78
1.85
1.97
1.77
1.87
2.03
1.92
1.80
1.78
2.03
1.83
1.73
1.89
1.69
1.74
1.98
1.60
1.72
1.67
1.97
1.52
1.72
1.70
1.54
1.53
1.64
1.78
1.80
1.73
1.36
1.75
1.56
1.66
1.80
1.77
1.90
1.66
1.72
1.96
1.76
1.66
1.73
1.71
1.53
1.87
1.67
1.76
1.54
1.84
1.81
1.67
1.75
1.73
1.52
1.94
1.87
1.92
1.63
1.87
1.98
1.83
