1.55
1.55
1.52
1.54
1.21
1.21
1.59
1.56
1.59
1.79
1.62
1.64
1.61
1.82
1.51
1.51
1.64
1.66
1.79
1.89
1.72
1.72
1.45
1.32
1.43
1.43
1.32
1.53
1.75
1.58
2.01
1.73
1.62
1.36
1.51
1.73
1.57
1.85
1.78
1.63
1.60
1.50
1.39
1.52
1.97
2.13
1.76
1.66
1.79
1.86
1.90
1.72
1.82
1.61
1.59
1.64
1.82
1.79
1.53
1.67
1.70
1.49
1.64
1.70
0.96
0.99
1.61
1.97
1.76
1.80
1.82
1.67
1.52
1.45
1.48
1.71
1.52
1.57
1.46
1.35
1.44
1.41
1.50
1.60
1.35
1.59
1.43
1.45
1.62
1.52
1.86
1.55
1.95
1.78
1.29
1.30
1.31
1.28
1.44
1.41
1.42
1.09
1.67
1.84
1.83
1.81
1.78
1.95
1.73
1.70
1.67
1.75
1.69
1.93
1.71
1.60
2.02
1.68
1.96
1.86
1.74
1.66
1.29
1.22
1.83
1.78
1.76
1.52
1.66
1.49
1.74
1.68
1.40
1.76
1.71
1.72
1.66
1.77
1.66
1.81
1.59
1.63
1.71
1.69
1.70
1.67
1.87
1.92
1.77
1.78
1.68
1.93
1.82
1.64
1.65
1.68
0.92
1.19
1.16
1.17
1.04
0.96
1.00
0.92
1.10
1.67
1.57
1.67
1.68
1.77
1.76
1.98
1.61
1.75
1.74
1.72
1.66
1.52
1.42
1.23
1.24
1.35
1.27
1.33
1.14
1.31
1.19
1.68
1.80
1.91
1.86
1.61
1.90
1.60
1.65
1.63
1.66
1.61
1.61
1.72
1.74
1.76
1.75
1.58
1.64
1.74
1.67
1.66
2.00
1.12
1.12
1.32
1.09
1.14
1.65
1.74
1.72
1.45
1.45
1.53
1.15
1.30
1.16
1.34
1.36
1.41
1.53
1.74
1.77
1.85
1.73
2.13
1.52
1.80
2.03
1.70
1.83
1.73
1.77
1.79
1.80
1.95
1.74
1.70
1.65
1.34
1.29
1.25
1.33
1.07
1.30
1.35
1.78
1.25
1.30
1.51
1.65
1.58
1.74
1.74
1.68
1.79
1.67
1.78
1.76
1.77
1.69
1.69
1.64
1.61
1.37
1.38
1.48
1.35
1.47
1.31
1.33
1.46
1.70
1.62
1.70
1.74
1.76
1.65
1.64
1.56
1.76
1.90
1.67
1.62
1.80
1.68
1.81
1.79
1.73
1.66
1.55
1.79
1.94
1.83
1.82
1.85
1.82
1.76
1.84
1.71
1.83
1.83
1.56
1.37
1.54
1.47
1.45
1.37
1.34
1.48
1.36
1.63
1.68
1.93
1.40
1.88
1.64
1.69
1.60
1.67
1.81
1.60
1.67
1.91
1.58
1.76
1.42
1.70
1.34
1.24
1.30
1.22
1.37
1.09
1.10
1.79
2.00
1.78
1.87
1.69
1.69
1.75
1.48
1.81
1.79
1.91
1.18
1.03
0.90
1.05
1.01
1.05
1.04
0.91
1.08
1.26
1.18
1.61
2.05
1.84
1.79
1.74
1.73
1.79
1.90
1.60
1.56
1.34
1.71
1.61
1.59
1.69
1.47
1.76
1.85
1.55
1.64
1.65
1.55
1.41
1.65
1.35
1.18
1.29
1.14
1.25
1.33
1.36
1.23
1.36
1.40
1.45
1.46
1.70
1.49
1.45
1.76
1.90
1.79
1.70
1.62
1.27
1.22
1.26
1.45
1.45
1.60
1.52
1.55
1.45
1.46
1.79
1.87
1.70
1.47
1.68
1.63
1.77
1.63
1.56
1.54
1.58
1.63
1.80
1.93
1.65
1.69
1.52
1.41
1.84
1.73
1.92
1.71
1.79
1.67
1.85
1.76
1.74
1.62
1.54
1.79
1.57
1.62
1.89
1.69
1.81
1.91
1.59
1.69
1.79
1.68
1.75
1.59
1.37
1.28
1.46
1.71
1.88
1.68
1.72
1.70
1.85
1.67
1.97
1.73
1.98
1.73
1.42
1.62
1.35
1.37
1.45
1.75
1.69
1.81
1.68
1.77
1.76
1.98
1.71
1.79
1.81
1.64
1.80
1.54
1.80
1.63
1.55
1.81
1.59
1.66
1.73
1.49
1.68
1.59
1.78
1.69
1.49
1.69
1.76
1.57
1.76
1.70
2.04
1.71
1.78
1.67
1.77
1.78
1.77
1.79
1.83
1.61
1.53
1.69
1.73
1.25
1.36
1.62
1.70
1.67
1.70
1.34
1.36
1.52
1.61
1.56
1.22
1.33
1.25
1.38
1.28
1.44
1.35
1.35
1.63
1.67
1.91
1.73
1.88
1.69
1.75
1.61
1.34
