1.89
1.67
1.83
1.61
1.82
1.58
1.74
1.77
1.93
1.84
1.83
1.71
1.85
2.06
1.70
1.64
1.74
1.82
1.83
2.03
1.75
1.68
1.74
1.66
1.89
1.72
2.03
1.74
1.84
1.86
1.84
1.68
1.59
1.77
2.17
1.63
1.74
2.04
1.67
1.67
2.00
1.80
1.68
1.76
1.61
1.92
1.46
1.49
1.85
1.88
1.61
1.83
1.72
1.84
1.66
2.08
1.68
1.71
1.78
1.75
1.77
1.75
1.75
1.62
1.96
1.72
1.77
1.67
1.77
1.64
1.84
1.91
1.66
2.03
1.77
1.65
1.68
1.74
1.42
2.15
1.61
1.80
1.86
1.68
1.71
1.91
1.70
1.73
1.56
1.80
1.76
1.80
1.74
1.86
1.72
1.85
1.74
1.68
1.61
1.62
1.75
1.75
1.78
1.85
1.62
1.83
1.63
1.79
1.57
1.62
1.63
1.56
1.63
1.91
1.71
1.76
1.86
1.74
1.73
1.83
1.78
1.98
1.62
1.62
1.89
1.82
1.90
1.73
1.81
1.89
1.71
1.82
1.90
1.70
1.73
1.81
1.92
1.74
1.82
1.56
1.77
1.72
1.75
1.81
1.67
1.55
1.60
1.97
1.89
1.79
1.61
1.86
1.77
1.76
1.88
1.68
1.72
1.77
1.95
1.74
1.93
1.97
1.55
1.76
1.72
1.61
2.08
1.75
1.41
1.97
1.75
1.82
2.01
1.86
1.74
1.77
1.84
1.61
1.77
1.61
1.71
1.69
2.04
1.76
1.81
1.76
1.95
1.74
2.05
1.79
1.78
1.98
1.75
1.94
1.78
1.82
1.72
1.64
1.82
1.85
1.39
1.33
1.76
1.69
1.92
1.66
1.67
1.87
1.61
1.76
1.66
1.81
1.93
1.93
1.66
1.64
1.79
1.82
1.78
1.69
1.67
1.52
1.86
1.63
1.90
1.67
1.77
1.70
1.78
1.66
1.73
1.26
1.18
1.20
1.72
1.48
1.57
1.83
1.67
1.91
1.79
1.62
1.64
1.78
1.80
1.80
1.70
1.59
1.73
1.65
1.65
1.70
0.90
1.72
1.62
2.03
1.46
1.70
1.80
1.77
1.80
1.64
1.78
1.79
1.82
1.85
1.88
1.49
1.81
1.89
1.55
1.69
1.79
1.39
1.51
1.73
1.79
1.73
1.74
1.70
1.79
1.88
1.88
1.77
1.67
1.83
1.77
2.04
1.76
1.88
1.64
1.70
1.90
1.84
1.80
1.62
1.69
1.88
1.85
1.80
1.71
1.68
1.70
1.77
1.80
1.69
1.63
1.80
1.78
1.97
1.66
1.92
1.37
1.80
1.91
1.75
1.82
1.71
1.63
1.74
1.69
1.81
1.58
1.58
1.76
1.66
1.74
1.84
1.82
1.83
1.26
1.10
1.36
1.76
1.72
1.36
1.65
1.68
1.41
2.11
1.57
1.70
1.89
1.72
1.79
1.75
1.63
1.66
1.69
1.80
1.64
2.06
1.67
1.72
1.78
1.90
1.81
2.02
1.69
1.70
1.59
1.74
1.65
1.63
1.77
1.59
1.99
1.76
1.81
1.78
1.68
1.38
1.13
0.99
1.68
1.89
1.74
2.04
1.76
1.33
1.35
1.15
1.57
1.67
2.17
1.77
1.67
1.79
1.78
1.78
1.90
1.83
1.75
1.70
1.76
1.75
1.84
1.61
1.77
1.75
1.98
1.73
1.82
1.64
1.78
1.76
1.74
1.77
1.81
1.92
1.70
1.54
1.61
1.74
1.72
1.80
1.79
1.85
1.62
1.66
1.95
1.79
1.76
1.94
1.81
1.63
1.60
1.81
1.69
1.52
1.68
1.45
1.49
1.81
1.80
1.69
1.87
1.71
1.82
1.74
1.93
1.78
1.81
1.87
1.75
1.74
1.70
1.80
1.70
1.91
1.64
1.87
1.63
1.92
1.71
1.85
1.79
1.82
1.76
1.70
1.38
1.20
1.74
1.77
1.74
1.81
1.72
1.75
1.82
1.65
1.78
1.63
1.96
1.73
1.80
1.78
1.78
1.77
1.95
1.70
1.81
1.66
1.66
1.68
1.93
1.68
1.78
1.78
1.90
2.18
1.69
1.65
1.68
1.81
1.60
1.75
1.67
1.55
1.51
2.43
1.64
1.91
1.71
1.97
1.77
1.94
1.58
1.64
1.64
2.02
1.74
1.76
1.70
2.06
1.69
1.84
1.90
1.81
1.75
1.76
1.62
1.90
1.69
1.71
1.84
1.86
1.80
1.69
1.85
1.65
1.59
1.52
1.81
1.51
1.21
1.27
1.06
1.21
0.96
1.90
1.66
1.64
1.89
1.76
1.74
1.95
1.68
1.85
1.85
1.65
