1.87
1.99
1.74
1.67
1.71
1.73
1.63
1.61
1.90
1.61
1.70
1.54
1.61
1.78
1.68
1.63
1.60
1.79
1.78
1.87
1.81
1.76
1.61
1.94
1.78
1.84
1.69
1.61
1.65
1.75
1.73
1.82
1.83
1.74
1.74
1.73
1.82
1.97
1.43
2.02
1.89
1.77
1.68
1.77
2.24
1.99
1.76
1.91
1.69
1.84
1.83
1.74
1.84
1.92
1.70
1.23
1.49
1.71
1.99
1.77
1.75
1.82
1.63
1.69
1.78
1.77
1.56
1.80
1.84
1.87
1.66
1.84
1.90
1.73
1.75
1.83
1.78
1.58
1.65
1.85
1.86
1.78
1.59
1.96
1.71
1.88
1.64
1.75
1.87
1.69
1.76
1.86
1.74
1.58
1.77
1.60
1.62
1.72
1.78
2.08
1.65
1.68
1.79
1.82
1.73
1.69
1.79
1.65
1.64
1.62
1.98
1.81
1.70
1.77
1.86
1.78
1.77
1.71
1.99
1.76
1.31
1.73
1.48
1.52
1.78
1.69
1.69
1.67
1.64
1.49
1.70
1.45
1.74
1.86
1.74
1.47
1.88
1.70
1.72
1.73
1.84
1.72
1.87
1.89
1.83
1.70
1.58
1.86
1.86
1.83
1.78
1.74
1.65
1.66
1.73
1.54
1.72
1.55
1.75
1.64
1.99
1.83
1.74
1.90
1.52
1.79
1.87
1.76
1.70
1.72
1.77
1.85
1.82
1.71
1.80
1.76
1.76
1.85
1.73
1.87
1.87
2.07
1.67
1.80
1.85
1.79
1.76
1.65
1.79
1.79
1.65
1.75
1.77
1.88
1.83
1.65
1.82
1.65
1.93
1.56
1.94
1.78
1.92
1.92
1.64
1.79
1.79
1.70
1.76
1.66
1.74
1.72
1.89
1.68
1.68
1.65
1.86
1.75
1.71
1.84
1.90
1.86
1.84
1.80
1.77
1.86
1.70
1.73
1.81
1.72
1.54
1.82
1.67
1.82
1.75
1.67
1.79
1.74
1.73
1.74
1.77
1.91
1.96
1.52
1.82
1.74
1.74
1.71
1.74
1.69
1.78
1.93
1.68
1.82
1.91
1.83
2.11
1.60
1.89
1.69
1.67
1.72
1.79
1.91
1.68
1.65
1.89
1.89
1.93
1.66
1.80
1.77
1.92
1.78
1.67
1.94
1.68
1.56
1.94
1.88
1.79
1.91
1.79
1.62
1.72
1.78
1.68
1.58
1.71
2.01
1.71
1.75
1.63
1.83
1.88
1.72
1.77
1.50
1.75
1.55
1.83
1.74
1.76
1.79
1.68
1.75
1.69
1.40
1.60
1.69
1.71
1.81
1.85
1.81
1.76
1.78
1.91
1.70
1.89
1.34
1.38
1.32
1.75
1.84
1.89
1.64
1.81
1.82
1.71
1.71
1.83
1.97
1.56
1.36
1.65
1.88
1.73
1.88
1.86
1.76
1.76
1.79
1.59
1.59
1.80
1.96
1.86
1.73
1.93
1.71
1.80
1.82
1.71
1.66
1.83
1.91
1.65
1.71
1.78
1.79
1.65
1.81
1.68
1.72
1.74
1.83
1.92
1.83
1.68
1.88
1.81
1.72
1.62
1.70
1.81
1.69
1.81
1.54
1.98
1.70
1.87
1.67
1.71
1.94
1.76
1.64
1.81
1.71
1.80
1.75
1.76
1.72
1.81
1.86
1.76
1.82
1.81
1.70
1.89
1.60
1.90
1.86
1.69
1.44
1.23
0.97
1.04
1.61
1.96
1.80
1.64
1.71
1.72
1.77
1.81
1.78
1.77
1.61
1.71
1.74
1.36
1.46
1.75
1.77
1.51
1.64
1.71
1.75
1.66
1.74
2.01
2.02
1.68
1.60
1.74
1.99
1.70
1.69
1.82
1.73
1.42
1.70
1.64
1.68
1.80
1.93
1.81
1.82
1.73
1.74
1.87
1.81
1.68
1.83
1.74
1.53
1.98
1.72
1.62
1.89
1.73
2.02
2.08
1.86
1.64
1.74
1.93
1.82
1.65
1.62
1.75
1.99
1.65
1.84
1.77
1.69
1.95
1.68
1.71
1.86
1.75
1.81
1.72
1.77
1.78
1.62
1.70
1.80
1.77
1.65
1.89
2.02
1.74
1.66
2.02
1.91
1.51
1.78
1.72
1.88
1.80
1.77
1.91
1.72
1.83
1.80
1.72
1.83
1.72
1.78
1.78
1.66
1.67
2.05
1.77
1.91
1.61
1.90
1.71
1.62
1.74
1.72
1.77
1.71
1.76
1.79
1.77
1.76
1.73
1.74
1.65
1.63
1.74
1.87
1.73
1.95
1.88
1.66
1.87
1.64
1.71
1.71
1.93
1.86
1.79
1.68
1.56
1.50
1.86
1.63
