1.06
1.29
1.17
1.15
1.20
1.25
1.21
1.30
1.34
1.47
1.43
1.29
1.27
1.28
1.53
1.32
1.50
1.51
1.25
1.49
1.49
1.43
1.30
1.47
1.38
1.40
1.45
1.34
1.25
1.12
1.33
1.47
1.29
1.25
1.36
1.28
1.24
1.20
1.24
1.25
1.23
1.26
1.35
1.25
1.36
1.12
1.29
1.24
1.11
1.21
1.29
1.32
1.31
1.50
1.43
1.72
1.88
1.63
1.24
1.36
1.06
1.09
1.08
1.28
1.20
1.34
1.47
1.35
1.52
1.39
1.30
1.35
1.26
1.41
1.28
1.51
1.63
1.55
1.42
1.41
1.54
1.38
1.26
1.49
1.33
1.37
1.25
1.26
1.17
1.16
1.51
1.40
1.39
1.24
1.44
1.40
1.30
1.38
1.34
1.46
1.26
1.39
1.30
1.44
1.49
1.67
1.44
1.57
1.52
1.70
1.51
1.56
1.46
1.37
1.46
1.48
1.44
1.29
1.45
1.28
1.42
1.41
1.59
1.71
1.33
1.48
1.35
1.38
1.49
1.39
1.42
1.25
1.28
1.43
1.39
1.32
1.41
1.27
1.17
1.25
1.41
1.35
1.27
1.41
1.17
1.29
1.27
1.31
1.37
1.37
1.30
1.45
1.37
1.62
1.46
1.40
1.26
1.38
1.45
1.27
1.32
1.47
1.53
1.28
1.78
1.24
1.49
1.31
1.42
1.47
1.22
1.20
1.19
0.94
1.12
1.18
1.53
1.69
1.55
1.93
1.45
1.42
1.56
1.36
1.59
1.42
1.29
1.37
1.50
1.39
1.50
1.30
1.31
1.26
1.32
1.47
1.53
1.59
1.22
1.31
1.27
1.33
1.47
1.36
1.32
1.35
1.52
1.48
1.47
1.48
1.54
1.40
1.34
1.64
1.29
1.14
1.22
1.15
1.15
1.31
1.05
1.11
1.09
1.01
1.19
1.37
1.51
1.10
1.27
1.33
1.49
1.55
1.31
1.16
1.30
1.25
1.34
1.25
1.16
1.33
1.46
1.35
1.45
1.22
1.30
1.27
1.20
1.10
1.24
1.25
1.16
1.38
1.33
1.65
1.49
1.48
1.32
1.35
1.36
1.25
1.29
1.44
1.42
1.66
1.50
1.39
1.22
1.15
1.06
1.16
1.18
1.16
1.27
1.21
1.26
1.26
1.65
1.67
1.42
1.48
1.23
1.32
1.36
1.45
1.25
1.23
1.36
1.65
1.25
1.29
1.22
1.30
1.16
1.22
1.16
1.31
1.15
1.63
1.67
1.57
1.68
1.30
1.23
1.40
1.37
1.53
1.46
1.48
1.34
1.40
1.28
1.22
1.17
1.09
1.15
1.21
1.22
1.25
1.32
1.51
1.57
1.38
1.27
1.29
1.28
1.26
1.53
1.60
1.40
1.59
1.55
1.44
1.62
1.19
1.40
1.31
1.40
1.38
1.32
1.52
1.50
1.61
1.53
1.61
1.39
1.47
1.39
1.40
1.55
1.42
1.35
1.47
1.36
1.30
1.51
1.18
1.17
1.10
1.22
1.18
1.35
1.53
1.27
1.61
1.64
1.35
1.58
1.19
1.17
1.30
1.51
1.35
1.53
1.46
1.50
1.46
1.31
1.45
1.13
1.24
1.27
1.27
1.19
1.12
1.57
1.32
1.32
1.38
1.33
1.37
1.25
1.58
1.43
1.45
1.31
1.52
1.31
1.34
1.58
1.36
1.36
1.69
1.64
1.41
1.48
1.35
1.27
1.33
1.38
1.31
1.36
1.40
1.45
1.29
1.49
1.52
1.60
1.43
1.42
1.43
1.47
1.25
1.38
1.03
1.26
1.22
1.29
1.44
1.36
1.55
1.33
1.26
1.33
1.14
1.14
1.25
1.16
1.58
1.47
1.30
1.36
1.36
1.07
1.05
1.28
1.32
1.27
1.18
1.38
1.40
1.42
1.37
1.37
1.69
1.37
1.26
1.13
1.25
1.28
1.31
1.18
1.39
1.66
1.49
1.36
1.38
1.46
1.43
1.35
1.37
1.37
1.36
1.85
1.61
1.36
1.47
1.29
1.17
1.34
1.15
1.32
1.12
1.02
1.25
1.37
1.56
1.49
1.39
1.46
1.96
1.63
1.44
1.34
1.34
1.13
1.27
1.34
1.58
1.47
1.30
1.40
1.36
1.37
1.19
1.24
1.32
1.63
1.42
1.46
1.23
1.34
1.47
1.33
1.25
1.49
1.49
1.42
1.11
1.43
1.37
1.40
1.34
1.28
1.41
1.27
1.50
1.44
1.40
1.36
1.54
1.51
1.41
1.32
1.38
1.24
1.35
1.25
1.33
1.42
