1.83
1.83
1.72
1.70
1.69
1.75
1.66
1.80
1.77
1.64
1.92
1.55
1.87
1.76
1.79
1.60
1.77
1.77
1.68
1.70
1.73
1.61
1.71
1.66
1.72
1.61
1.62
1.86
1.71
1.97
1.72
1.82
1.80
2.11
1.64
1.64
1.61
1.54
1.74
1.70
1.76
1.86
1.69
1.80
1.82
1.65
1.62
1.96
1.66
1.62
1.84
1.76
1.87
1.79
1.83
1.71
1.83
1.60
1.72
1.85
1.67
1.84
1.75
1.84
1.66
1.68
1.43
1.80
1.67
1.90
1.89
1.71
1.53
1.69
1.80
1.89
1.62
1.86
1.77
1.59
1.80
1.66
1.58
2.07
1.68
1.66
1.55
1.75
1.73
1.66
1.68
1.99
1.70
1.76
1.82
1.82
1.88
1.74
1.64
1.83
1.73
1.74
1.52
1.58
1.87
1.84
1.85
1.77
1.81
1.75
1.81
1.54
1.77
1.61
1.69
1.66
1.81
1.73
1.53
1.69
1.71
1.69
1.64
1.85
1.74
2.04
1.64
1.70
1.92
1.86
1.69
1.91
1.64
1.66
1.61
2.00
2.02
1.75
1.78
1.61
1.75
1.74
1.72
1.82
1.89
1.66
1.58
1.93
1.78
1.67
2.12
1.80
1.73
1.69
2.08
1.86
1.76
1.27
1.62
1.80
1.62
1.64
1.80
1.78
1.74
1.32
1.63
1.83
1.87
2.20
1.47
1.55
1.65
1.64
1.45
1.32
1.29
1.77
1.55
1.48
1.74
1.63
1.97
1.66
1.84
1.80
1.78
1.61
1.68
1.68
1.69
1.80
1.85
1.90
1.76
1.82
2.03
1.78
1.72
1.68
1.71
1.69
1.82
1.76
1.70
1.56
1.90
1.85
1.88
1.67
1.88
1.72
1.59
1.64
1.67
1.61
1.82
1.70
1.58
1.90
1.61
1.85
1.64
1.91
1.64
1.85
1.65
1.68
1.45
1.65
1.80
1.67
1.67
1.53
1.85
2.02
1.64
1.66
1.73
1.82
1.95
1.72
1.88
1.89
1.47
1.64
1.87
1.80
1.62
1.88
1.77
1.94
1.72
1.77
1.51
1.66
1.54
1.63
1.63
1.71
1.82
1.75
1.69
1.84
1.81
1.79
1.60
1.55
1.84
1.71
1.63
1.80
1.78
1.83
1.67
1.80
1.70
1.84
1.82
1.88
1.74
1.71
1.77
1.70
1.74
1.91
2.06
1.91
1.96
1.73
1.69
1.84
1.77
1.74
2.02
1.61
1.83
1.93
1.59
1.56
1.60
1.74
1.77
1.74
1.65
1.71
2.03
1.63
1.89
1.55
1.70
1.61
1.72
1.67
1.79
1.82
1.75
1.67
1.78
1.75
1.63
1.71
1.75
1.63
1.89
1.82
1.74
1.91
1.62
2.08
1.64
1.66
1.92
1.71
1.77
1.80
1.76
1.75
1.82
1.71
1.76
1.80
1.83
1.67
1.79
1.81
1.74
1.88
1.62
1.73
1.75
1.68
1.41
1.63
1.87
1.81
1.67
1.74
1.71
1.66
1.75
1.79
1.77
1.88
1.71
1.75
1.98
1.79
1.86
1.83
1.64
1.83
1.76
1.83
1.11
1.28
1.45
1.48
1.53
1.83
1.74
1.64
1.57
2.15
1.81
1.87
1.79
1.69
1.67
1.67
1.81
1.67
1.82
1.79
1.67
1.85
1.57
1.77
1.70
1.52
1.51
1.72
1.88
1.66
1.67
1.79
1.71
1.72
1.84
1.88
1.67
1.93
1.72
1.62
1.63
1.82
1.55
1.42
1.90
1.65
1.74
1.75
1.64
1.84
1.81
1.71
1.64
1.57
1.69
1.76
1.65
1.83
1.77
1.67
1.98
1.60
1.71
1.72
1.81
1.84
2.01
1.92
1.80
1.86
1.74
1.74
1.92
1.78
1.70
1.95
1.59
1.69
1.83
1.70
1.72
1.76
1.96
1.60
1.82
1.57
1.82
1.68
1.63
1.65
1.64
1.93
1.64
2.03
1.80
1.75
1.78
1.82
1.72
1.84
1.81
1.75
1.65
1.50
1.45
1.26
1.35
1.36
1.18
1.08
1.86
1.83
1.78
1.74
1.88
1.75
1.77
1.79
1.87
1.84
1.86
1.70
1.50
1.68
1.96
1.91
1.88
1.70
1.76
1.81
1.74
1.66
1.80
1.60
2.04
1.71
1.82
1.81
1.71
1.90
1.63
1.77
1.63
1.57
1.63
1.84
1.57
1.60
1.75
1.91
1.74
1.61
1.76
1.87
1.91
2.20
1.59
1.96
1.84
1.74
1.96
1.83
1.65
1.87
1.71
1.72
1.78
1.88
1.74
1.69
1.79
1.76
1.74
1.71
1.71
1.75
