1.66
1.68
1.56
1.43
1.21
1.11
1.34
1.35
1.20
1.43
1.28
1.28
1.17
1.28
1.38
1.34
1.28
1.16
1.30
1.46
1.47
1.37
1.49
1.50
1.42
1.39
1.41
1.36
1.30
1.34
1.38
1.26
1.45
1.68
1.54
1.50
1.56
1.49
1.47
1.54
1.43
1.40
1.46
1.70
1.47
1.41
1.27
1.47
1.35
1.42
1.57
1.47
1.55
1.55
1.52
1.46
1.52
1.57
1.32
1.45
1.28
1.37
1.27
1.31
1.44
1.40
2.04
1.66
1.75
1.42
1.46
1.32
1.42
1.37
1.43
1.35
1.58
1.50
1.43
1.35
1.24
1.06
1.05
1.19
1.30
1.16
1.18
1.23
1.50
1.44
1.48
1.29
1.28
1.25
1.16
1.33
1.40
1.33
1.55
1.33
1.29
1.31
1.27
1.40
1.47
1.54
1.09
1.20
1.63
1.70
1.22
1.42
1.45
1.48
1.58
1.29
1.27
1.53
1.46
1.93
1.99
1.47
1.37
1.59
1.67
1.61
1.46
1.30
1.53
1.38
1.54
1.42
1.38
1.52
1.44
1.51
1.53
1.66
1.78
1.72
1.45
1.40
1.40
1.08
1.11
1.11
1.19
1.29
1.38
1.58
1.31
1.63
1.43
1.29
1.30
1.31
1.36
1.25
1.22
1.29
1.43
1.62
1.53
1.35
1.34
1.16
1.50
1.31
1.12
1.14
1.22
1.23
1.18
1.35
1.40
1.30
1.37
1.50
1.44
1.53
1.36
1.49
1.45
1.49
1.40
1.56
1.55
1.36
1.51
1.36
1.37
1.33
1.25
1.34
1.15
1.34
1.33
1.31
1.48
1.51
1.53
1.54
1.46
1.51
1.47
1.64
1.46
1.41
1.61
1.73
1.74
1.85
1.66
1.61
1.34
1.51
1.38
1.41
1.22
1.22
1.55
1.44
1.40
1.57
1.55
1.26
1.24
1.42
1.58
1.44
1.56
1.54
1.33
1.30
1.30
1.27
1.11
1.26
1.13
1.18
1.33
1.33
1.34
1.47
1.83
1.88
1.57
1.41
1.22
1.43
1.39
1.46
1.53
1.69
1.60
1.55
1.47
1.27
1.27
1.36
1.36
1.41
1.27
1.07
1.51
1.33
1.12
1.20
1.42
1.23
1.27
1.18
1.20
1.21
1.24
1.33
1.16
1.28
1.23
1.28
1.16
1.21
1.12
1.26
1.14
1.04
1.38
1.55
1.49
1.33
1.28
1.13
1.33
1.14
1.37
1.45
1.32
1.68
1.81
1.62
1.53
1.63
1.24
1.28
1.47
1.42
1.53
1.46
1.50
1.32
1.21
1.47
1.26
1.29
1.17
1.35
1.26
1.16
1.08
1.84
1.68
1.38
1.45
1.63
1.35
1.48
1.54
1.60
1.43
1.43
1.29
1.11
1.32
1.45
1.33
1.27
1.42
1.46
1.51
1.28
1.64
1.77
1.49
1.64
1.60
1.35
1.38
1.35
1.51
1.39
1.45
1.42
1.12
1.14
0.99
1.42
1.50
1.21
1.40
1.37
1.26
1.48
1.79
1.11
1.43
1.11
1.25
1.27
1.02
1.20
1.14
1.29
1.21
1.46
1.51
1.30
1.28
1.45
1.61
1.47
1.36
1.41
1.49
1.29
1.31
1.48
1.55
1.46
1.44
1.19
1.31
1.43
1.40
1.66
1.40
1.67
1.30
1.37
1.15
1.29
1.47
1.19
1.24
1.44
1.49
1.37
1.37
1.34
1.13
1.24
1.28
1.17
1.17
1.11
1.22
1.16
1.21
1.20
1.39
1.30
1.44
1.29
1.26
1.27
1.28
1.33
1.27
1.51
1.36
1.45
1.63
1.38
1.50
1.27
1.41
1.38
1.46
1.39
1.46
1.32
1.59
1.34
1.26
1.37
1.24
1.25
1.26
1.41
1.20
1.30
1.26
1.56
1.42
1.25
1.38
1.16
1.35
1.26
1.41
1.48
1.42
1.47
1.53
1.60
1.65
1.59
1.29
1.25
1.29
1.44
1.38
1.54
1.59
1.17
1.41
1.46
1.27
1.45
1.31
1.34
1.50
1.55
1.62
1.40
1.40
1.47
1.59
1.72
1.51
1.33
1.45
1.50
1.35
1.41
1.76
1.34
1.39
1.23
1.30
1.27
1.26
1.40
1.09
1.38
1.32
1.34
1.36
1.64
1.34
1.43
1.23
1.26
1.23
1.18
1.33
1.23
1.64
1.46
1.59
1.46
1.50
1.60
1.09
1.07
1.11
1.06
1.07
1.10
1.61
1.31
1.44
1.38
1.49
1.45
1.31
1.54
1.63
1.58
1.48
1.51
1.50
1.62
1.46
1.16
1.16
1.31
1.29
1.17
1.12
1.32
