1.86
1.64
1.80
1.74
1.73
1.72
1.81
1.74
1.84
1.88
1.73
1.48
1.36
1.76
1.71
1.66
1.69
1.80
1.87
1.85
1.75
1.86
1.75
1.91
1.76
1.97
1.93
1.77
1.86
1.71
1.75
1.68
1.65
1.87
1.63
1.42
1.93
1.60
1.84
1.83
1.77
1.77
1.82
1.80
1.81
1.66
1.87
1.29
1.53
1.69
1.71
1.96
1.68
1.89
1.83
1.98
1.71
1.75
1.83
2.11
1.77
1.74
1.90
1.88
1.86
1.66
1.70
1.85
1.85
1.75
1.54
1.68
2.00
1.73
1.67
1.77
1.62
1.80
1.88
1.77
1.74
1.88
1.70
1.62
1.67
1.78
1.61
1.79
1.86
1.83
1.76
1.69
1.68
1.68
1.77
2.12
1.68
1.56
1.70
1.80
1.64
1.80
1.96
1.66
1.84
1.78
1.71
1.82
1.90
1.70
1.79
1.96
1.80
1.85
1.89
1.83
1.76
1.89
1.60
1.71
2.10
1.73
1.78
1.80
1.70
2.10
1.71
1.81
1.78
1.60
1.83
1.64
1.73
1.66
1.71
1.88
1.67
1.82
1.77
1.82
1.76
1.80
1.71
1.48
1.94
1.74
1.59
1.55
1.88
1.76
1.66
1.87
1.78
1.78
1.63
1.65
1.71
1.85
1.81
1.82
1.57
1.72
1.88
1.78
1.69
1.78
1.85
1.77
1.85
1.51
1.78
1.73
1.76
1.79
1.62
1.67
1.60
1.76
1.91
2.08
1.72
1.75
1.75
1.82
1.72
1.96
1.80
1.82
1.73
1.73
1.69
1.78
1.63
2.08
1.64
1.66
1.77
1.72
1.82
1.75
1.77
2.02
1.93
1.62
1.76
1.61
1.76
2.02
1.71
1.82
1.83
1.90
1.75
1.88
1.81
1.51
1.92
1.76
1.87
1.74
1.51
1.84
1.92
1.66
1.64
1.80
1.80
1.81
1.98
1.71
1.83
2.03
1.91
1.67
1.66
1.68
1.67
1.93
1.79
1.63
1.75
1.79
1.67
1.82
1.77
1.87
1.82
1.71
1.78
1.75
1.78
1.72
1.57
1.68
1.85
1.66
1.71
1.65
1.39
1.59
1.69
1.92
1.71
1.64
1.51
1.90
1.72
1.79
1.74
1.82
1.74
1.66
1.81
1.55
1.20
1.67
1.84
2.05
1.82
1.84
1.85
1.85
1.71
1.79
1.67
1.45
1.71
1.58
1.83
1.86
1.89
1.68
1.76
1.69
1.83
1.62
1.56
1.73
1.79
1.31
1.68
1.71
1.74
1.86
1.55
1.85
1.67
1.56
1.71
1.80
2.01
1.74
1.87
1.90
1.75
1.76
1.86
1.71
1.68
1.56
1.74
1.59
1.67
1.71
1.76
1.68
1.54
1.78
1.83
1.82
1.77
1.63
1.68
1.57
1.96
1.70
1.65
1.77
1.79
1.95
1.76
1.91
1.67
1.73
1.77
1.99
1.69
1.86
1.87
1.66
1.68
1.78
1.87
1.56
1.55
1.53
1.66
1.70
1.81
1.67
1.79
1.55
1.45
1.68
1.73
1.69
1.72
1.78
1.83
1.76
1.78
1.79
1.63
1.73
1.81
1.70
1.65
1.84
1.75
1.54
1.77
1.90
1.80
1.72
1.63
1.81
1.75
1.87
1.82
1.72
1.71
1.76
1.79
1.64
1.80
1.72
1.49
1.49
1.57
1.81
1.94
1.66
1.83
1.78
1.46
1.39
1.17
1.94
1.54
1.82
1.68
1.76
1.90
1.79
1.48
1.67
1.93
1.81
1.67
1.70
1.69
1.81
1.78
1.70
1.87
1.81
1.50
1.70
1.50
1.83
1.75
1.77
1.71
1.84
1.84
1.63
1.77
1.65
1.88
1.59
1.81
1.79
1.80
1.38
1.34
1.93
1.79
1.77
1.81
1.80
1.85
1.69
1.82
1.82
1.86
1.87
1.86
1.70
1.79
1.83
1.78
1.75
1.61
1.69
1.86
1.72
1.82
1.79
1.83
1.71
2.08
1.62
1.79
1.51
1.38
1.71
1.47
1.54
1.55
1.53
1.83
1.71
1.69
1.65
1.74
1.72
1.51
1.71
2.02
1.57
1.77
1.86
1.74
1.64
1.89
1.97
1.80
1.90
1.74
1.93
1.76
1.77
1.69
1.72
1.73
1.72
1.79
1.58
1.97
1.62
1.81
1.72
2.02
1.87
1.65
1.96
1.81
1.54
1.59
1.97
1.83
1.77
1.69
1.82
1.90
1.79
1.82
1.63
1.81
1.80
1.61
1.79
1.70
1.75
1.82
1.78
1.74
2.03
1.80
1.32
1.40
1.86
1.69
1.62
1.86
1.55
1.90
1.74
1.61
1.18
