1.38
1.26
1.32
1.59
1.82
1.73
1.50
1.48
1.67
1.67
1.67
1.54
1.83
1.80
1.72
1.56
1.67
1.76
1.49
1.74
1.64
1.77
1.72
1.65
1.67
1.71
1.67
1.49
1.62
1.44
1.59
1.57
1.52
1.08
1.04
1.05
1.21
1.34
1.21
1.34
1.36
1.21
1.37
1.56
1.38
1.32
1.93
1.69
1.52
1.38
1.84
1.52
1.55
1.56
1.61
1.68
1.57
1.43
1.60
1.42
1.20
1.25
1.18
1.25
1.11
1.25
1.12
0.95
1.12
1.29
1.24
1.22
1.27
1.22
1.23
1.33
1.36
1.64
1.50
1.70
1.60
1.77
1.53
1.73
1.66
1.44
1.33
1.33
1.68
1.42
1.58
1.80
1.43
1.62
1.47
1.59
1.48
1.38
1.20
1.59
1.43
1.74
1.55
1.86
1.56
1.76
1.61
1.74
1.47
1.45
1.54
1.58
1.65
1.63
1.66
1.36
1.43
1.49
1.66
1.71
1.78
1.19
1.55
1.74
1.70
1.63
1.58
1.59
1.31
1.43
1.54
1.47
1.54
1.35
1.47
1.36
1.48
1.54
1.45
1.53
1.60
1.58
1.59
1.67
1.45
1.56
1.56
1.48
1.59
1.75
1.31
1.20
1.34
1.38
1.66
1.77
1.49
1.61
1.73
1.53
1.55
1.79
1.68
1.69
1.61
1.29
1.63
1.58
1.39
1.49
1.37
1.33
1.31
1.47
1.42
1.35
1.54
1.40
1.39
1.32
1.33
1.48
1.40
1.32
1.61
1.41
1.66
1.85
1.45
1.65
1.43
1.38
1.64
1.40
1.33
1.19
1.26
1.20
1.40
1.47
1.71
1.44
1.40
1.42
1.61
1.53
1.67
1.76
1.42
1.51
1.67
1.74
1.77
1.70
1.55
1.43
1.48
1.66
1.37
1.36
1.21
1.21
1.14
1.46
1.53
1.71
1.51
1.45
1.34
1.52
1.35
1.50
1.71
1.59
1.50
1.48
1.53
1.61
1.83
1.51
1.53
1.39
1.31
1.19
1.66
1.54
1.77
1.76
1.82
1.67
1.48
1.38
1.41
1.47
1.47
1.70
1.60
1.57
1.50
1.52
1.47
1.56
1.38
1.66
1.67
1.85
1.69
1.78
1.74
1.68
1.70
1.60
1.49
1.46
1.45
1.38
1.73
1.79
1.40
1.64
1.79
1.76
1.65
1.35
1.46
1.35
1.32
1.27
1.43
1.54
1.61
1.82
1.90
1.38
1.68
1.56
1.56
1.52
1.43
1.43
1.42
1.41
1.37
1.38
1.38
1.24
1.21
1.43
1.65
1.78
1.50
1.47
1.07
1.29
1.16
1.28
1.22
1.28
1.43
1.42
1.26
1.66
1.51
1.50
1.65
1.58
1.56
1.45
1.54
1.62
1.32
1.65
1.57
1.32
1.40
1.24
1.38
1.41
1.51
1.71
1.61
1.68
1.58
1.39
1.29
1.50
1.52
1.61
1.40
1.20
1.36
1.47
1.49
1.26
1.31
1.33
1.53
1.44
1.55
1.43
1.57
1.79
1.65
1.74
1.43
1.49
1.60
1.26
1.40
1.30
1.30
1.45
1.38
1.34
1.59
1.33
1.50
1.15
1.14
1.29
1.24
1.16
1.54
1.48
1.63
1.55
1.54
1.52
1.55
1.61
1.62
1.94
1.60
1.37
1.33
1.25
1.36
1.40
1.37
1.25
1.36
1.23
1.39
1.75
1.78
1.63
1.39
1.47
1.56
1.49
1.43
1.64
1.67
1.38
1.48
1.41
1.46
1.34
1.21
1.18
1.22
1.47
1.33
1.40
1.50
1.29
1.35
1.65
1.48
1.70
1.70
1.57
1.30
1.45
1.48
1.52
1.54
1.53
1.62
1.36
1.59
1.46
1.54
1.40
1.43
1.33
1.34
1.35
1.30
1.25
1.58
1.41
1.62
1.50
1.58
1.47
1.71
1.42
1.77
1.64
1.77
1.75
1.59
1.51
1.48
1.59
1.42
1.74
1.54
1.51
1.56
1.77
1.77
1.65
1.42
1.71
1.67
1.84
1.86
1.59
1.69
1.81
1.26
1.28
1.30
1.44
1.36
1.46
1.42
1.47
1.52
1.43
1.53
1.62
1.47
1.35
1.41
1.61
1.39
1.40
1.15
1.28
1.42
1.38
1.15
1.41
1.21
1.26
1.33
1.19
1.20
1.72
1.62
1.65
1.51
1.61
1.63
1.19
1.23
1.25
1.37
1.31
1.62
1.57
1.55
1.39
1.33
1.51
1.49
1.85
1.37
1.23
1.65
1.75
1.81
1.57
1.47
1.49
1.34
1.17
1.06
1.15
1.15
1.33
1.40
1.23
1.57
1.48
1.50
1.44
