1.72
1.62
1.47
1.28
1.38
1.42
1.26
1.38
1.52
1.55
1.69
1.90
1.83
1.35
1.80
1.58
1.57
1.38
1.43
1.58
1.47
1.65
1.61
1.58
1.51
1.61
1.55
1.43
1.53
1.35
1.29
1.37
1.32
1.43
1.43
1.45
1.34
1.14
1.21
1.26
1.36
1.36
1.53
1.40
1.45
1.60
1.31
1.17
1.12
1.13
1.19
1.28
1.36
1.28
1.25
1.47
1.39
1.41
1.39
1.30
1.31
1.38
1.35
1.29
1.56
1.37
1.70
1.47
1.66
1.51
1.44
1.36
1.53
1.57
1.34
1.58
1.61
1.55
1.35
1.40
1.28
1.63
1.18
1.43
1.59
1.56
1.37
1.45
1.40
1.32
1.25
1.31
1.22
1.10
1.08
1.35
1.51
1.42
1.49
1.17
1.13
1.35
1.31
1.17
1.13
1.19
1.39
1.29
1.28
1.45
1.30
1.50
1.36
1.40
1.45
1.32
1.26
1.41
1.46
1.38
1.56
1.41
1.37
1.53
1.75
1.24
1.33
1.18
1.30
1.57
1.36
1.36
1.34
1.63
1.67
1.51
1.42
1.24
1.28
1.31
1.36
1.48
1.40
1.64
1.46
1.54
1.46
1.36
1.41
1.63
1.41
1.58
1.46
1.68
1.08
1.16
1.25
1.36
1.30
1.14
1.22
1.26
1.24
1.18
1.47
1.65
1.49
1.30
1.49
1.49
1.34
1.32
1.32
1.37
1.29
1.22
1.51
1.28
1.47
1.43
1.48
1.38
1.53
1.64
1.39
1.61
1.51
1.51
1.62
1.47
1.53
1.48
1.56
1.53
1.50
1.41
1.43
1.24
1.33
1.30
1.34
1.38
1.61
1.30
1.37
1.44
1.41
1.24
1.68
1.68
1.80
1.54
1.54
1.76
1.60
1.45
1.26
1.39
1.23
1.36
1.62
1.39
1.28
1.23
1.36
1.22
1.56
1.32
1.41
1.34
1.69
1.57
1.51
1.38
1.45
1.46
1.36
1.36
1.38
1.32
1.29
1.35
1.64
1.54
1.26
1.47
1.31
1.37
1.21
1.39
1.35
1.35
1.41
1.64
1.56
1.46
1.75
1.65
1.32
1.55
1.43
1.46
1.62
1.48
1.65
1.38
1.33
1.43
1.45
1.39
1.27
1.29
1.22
1.47
1.48
1.43
1.58
1.34
1.49
1.35
1.28
1.45
1.44
1.28
1.40
1.40
1.47
1.34
1.27
1.46
1.35
1.16
1.32
1.51
1.54
1.52
1.62
1.78
1.73
1.27
1.46
1.51
1.32
1.29
1.66
1.66
1.68
1.39
1.33
1.44
1.40
1.48
1.50
1.46
1.47
1.61
1.65
1.59
1.98
1.58
1.64
1.49
1.42
1.28
1.58
1.41
1.33
1.76
1.51
1.57
1.51
1.45
1.57
1.45
1.45
1.43
1.56
1.41
1.26
1.52
1.32
1.41
1.45
1.36
1.52
1.31
1.40
1.60
1.30
1.21
1.50
1.39
1.54
1.36
1.55
1.55
1.42
1.45
1.53
1.33
1.37
1.35
1.39
1.52
1.50
1.65
1.59
1.43
1.32
1.36
1.32
1.51
1.54
1.73
1.62
1.34
1.59
1.52
1.44
1.58
1.37
1.46
1.32
1.69
1.65
1.38
1.68
1.70
1.52
1.46
1.49
1.41
1.64
1.91
1.42
1.44
1.59
1.40
1.61
1.32
1.56
1.39
1.37
1.56
1.62
1.46
1.39
1.58
1.82
1.49
1.38
1.32
1.41
1.54
1.73
1.34
1.14
1.37
1.53
1.62
1.35
1.47
1.40
1.49
1.47
1.32
1.31
1.31
1.49
1.58
1.47
1.41
1.35
1.31
1.20
1.30
1.41
1.35
1.33
1.26
1.52
1.62
1.52
1.62
1.57
1.41
1.27
1.41
1.79
1.63
1.64
1.60
1.31
1.32
1.66
1.31
1.22
1.34
1.46
1.36
1.53
1.49
1.67
1.40
1.55
1.51
1.26
1.49
1.41
1.50
1.36
1.29
1.45
1.33
1.60
1.41
1.24
1.16
1.36
1.36
1.44
1.71
1.39
1.28
1.47
1.60
1.40
1.33
1.30
1.31
1.45
1.44
1.53
1.69
1.56
1.65
1.39
1.33
1.39
1.42
1.19
1.47
1.55
1.77
1.48
1.51
1.40
1.31
1.44
1.47
1.35
1.29
1.39
1.41
1.27
1.40
1.25
1.40
1.25
1.20
1.07
1.34
1.35
1.33
1.39
1.69
1.54
1.52
1.48
1.65
1.57
1.43
1.51
1.51
1.58
1.73
1.38
1.45
1.14
1.46
1.46
1.35
1.19
1.30
1.33
1.27
1.28
1.21
1.31
1.17
