0.0004725897920604915	4990097342.72012
0.000945179584120983	1814580851.8982255
0.0014177693761814746	1360935638.9236696
0.001890359168241966	1020701729.192751
0.0023629489603024575	793879122.7054737
0.002835538752362949	793879122.7054749
0.0033081285444234404	793879122.705473
0.003780718336483932	680467819.4618343
0.004253308128544423	567056516.2181958
0.004725897920604915	453645212.974557
0.005198487712665407	567056516.2181965
0.005671077504725898	567056516.2181951
0.006143667296786389	453645212.97455645
0.006616257088846881	453645212.974556
0.007088846880907372	453645212.974556
0.007561436672967864	453645212.974556
0.008034026465028356	340233909.73091686
0.008506616257088847	340233909.73091847
0.008979206049149339	453645212.974556
0.00945179584120983	340233909.73091716
0.00992438563327032	340233909.73091847
0.010396975425330813	340233909.7309165
0.010869565217391304	340233909.73091847
0.011342155009451797	340233909.73091847
0.011814744801512287	340233909.7309152
0.012287334593572778	340233909.7309165
0.01275992438563327	226822606.48728096
0.013232514177693762	340233909.73091847
0.013705103969754254	340233909.73091453
0.014177693761814745	226822606.48727745
0.014650283553875236	340233909.73091847
0.015122873345935728	340233909.73091847
0.015595463137996219	226822606.48727703
0.01606805293005671	226822606.48727745
0.0165406427221172	340233909.7309191
0.017013232514177693	340233909.7309179
0.017485822306238186	226822606.4872766
0.017958412098298678	226822606.48727745
0.018431001890359167	226822606.48727745
0.01890359168241966	226822606.48727858
0.019376181474480152	340233909.7309191
0.01984877126654064	340233909.73091716
0.020321361058601134	226822606.4872766
0.020793950850661626	226822606.48727942
0.021266540642722116	226822606.48728138
0.021739130434782608	226822606.4872766
0.0222117202268431	226822606.4872766
0.022684310018903593	340233909.7309191
0.023156899810964082	340233909.7309191
0.023629489603024575	226822606.4872766
0.024102079395085067	226822606.48727745
0.024574669187145556	226822606.48727745
0.02504725897920605	226822606.4872766
0.02551984877126654	226822606.48728138
0.02599243856332703	226822606.48727942
0.026465028355387523	226822606.4872766
0.026937618147448016	226822606.4872766
0.027410207939508508	340233909.7309191
0.027882797731568997	340233909.7309191
0.02835538752362949	226822606.4872766
0.028827977315689982	226822606.48727745
0.02930056710775047	226822606.48727745
0.029773156899810964	226822606.4872766
0.030245746691871456	226822606.48727942
0.030718336483931945	226822606.48728138
0.031190926275992438	226822606.48727745
0.03166351606805293	226822606.4872766
0.03213610586011342	226822606.4872766
0.03260869565217391	226822606.48728025
0.0330812854442344	226822606.48728055
0.0335538752362949	340233909.7309159
0.034026465028355386	340233909.73091394
0.03449905482041588	226822606.48727858
0.03497164461247637	226822606.48728418
0.03544423440453686	226822606.48727858
0.035916824196597356	226822606.48727465
0.036389413988657845	226822606.48727632
0.036862003780718335	226822606.48727858
0.03733459357277883	226822606.48727858
0.03780718336483932	226822606.48728025
0.03827977315689981	226822606.48727858
0.038752362948960305	226822606.48727465
0.039224952741020794	226822606.48728025
0.03969754253308128	226822606.48727858
0.04017013232514178	226822606.48727465
0.04064272211720227	226822606.48728025
0.04111531190926276	226822606.48727858
0.04158790170132325	226822606.48727858
0.04206049149338374	226822606.48728025
0.04253308128544423	226822606.48727465
0.04300567107750473	226822606.48727858
0.043478260869565216	226822606.48727858
0.04395085066162571	226822606.48727858
0.0444234404536862	226822606.48728025
0.04489603024574669	226822606.48727465
0.045368620037807186	226822606.48727858
0.045841209829867675	226822606.48728025
0.046313799621928164	226822606.48727858
0.04678638941398866	226822606.48727858
0.04725897920604915	226822606.48727632
0.04773156899810964	226822606.48727858
0.048204158790170135	226822606.48727858
0.048676748582230624	226822606.48728025
0.04914933837429111	226822606.48727858
0.04962192816635161	226822606.48727465
0.0500945179584121	226822606.48728025
0.05056710775047259	226822606.48727858
0.05103969754253308	226822606.48727858
0.05151228733459357	226822606.48728025
0.05198487712665406	226822606.48727465
0.05245746691871456	226822606.48727858
0.052930056710775046	151215070.99151942
0.05387523629489603	151215070.9915168
0.05434782608695652	226822606.48727858
0.054820415879017016	226822606.48727858
0.055293005671077505	226822606.48727632
0.055765595463137994	226822606.4872825
0.05623818525519849	226822606.4872825
0.05671077504725898	151215070.9915168
0.057655954631379965	151215070.9915168
0.058128544423440454	226822606.48728025
0.05860113421550094	226822606.48727858
0.05907372400756144	226822606.48727465
0.05954631379962193	151215070.99151942
0.06049149338374291	151215070.99151942
0.0609640831758034	226822606.48727632
0.06143667296786389	226822606.4872825
0.06190926275992439	226822606.4872825
0.062381852551984876	151215070.99151754
0.06332703213610585	151215070.9915168
0.06379962192816635	226822606.4872769
0.06427221172022685	226822606.48728025
0.06474480151228733	151215070.9915168
0.06568998109640832	151215070.99151942
0.0661625708884688	226822606.48728025
0.0666351606805293	151215070.9915153
0.06758034026465029	151215070.9915168
0.06805293005671077	226822606.48728418
0.06852551984877127	151215070.99152204
0.06947069943289225	151215070.9915168
0.06994328922495274	151215070.99151942
0.07088846880907372	151215070.99151942
0.07136105860113422	226822606.48727298
0.07183364839319471	151215070.99151942
0.07277882797731569	151215070.99151942
0.07325141776937619	151215070.9915168
0.07419659735349717	151215070.9915168
0.07466918714555766	226822606.48728418
0.07514177693761814	151215070.99152204
0.07608695652173914	151215070.9915168
0.07655954631379962	151215070.99151942
0.07750472589792061	151215070.99151942
0.07797731568998109	151215070.9915168
0.07892249527410208	151215070.99151942
0.07939508506616257	151215070.99151942
0.08034026465028356	151215070.9915168
0.08081285444234404	151215070.9915168
0.08175803402646503	151215070.99152204
0.08223062381852551	151215070.99152204
0.0831758034026465	151215070.9915168
0.08364839319470699	151215070.99151942
0.08459357277882798	113411303.24363929
0.08553875236294896	151215070.9915168
0.08601134215500945	151215070.99151942
0.08695652173913043	113411303.24363929
0.08790170132325142	151215070.9915168
0.0883742911153119	151215070.9915168
0.0893194706994329	113411303.24364126
0.09026465028355388	151215070.99152204
0.09073724007561437	151215070.9915168
0.09168241965973535	113411303.24364012
0.09262759924385633	113411303.24363929
0.09357277882797732	151215070.9915168
0.0940453686200378	151215070.9915168
0.0949905482041588	113411303.24363929
0.09593572778827977	113411303.24364012
0.09688090737240075	113411303.24363732
0.09782608695652174	151215070.99152204
0.09829867674858223	151215070.99152204
0.09924385633270322	113411303.24363732
0.1001890359168242	113411303.24364012
0.10113421550094517	113411303.24363929
0.10207939508506617	113411303.24363732
0.10302457466918714	113411303.24363816
0.10396975425330812	113411303.24363929
0.10491493383742911	113411303.24363929
0.10586011342155009	113411303.24363732
0.10680529300567108	113411303.24363929
0.10775047258979206	113411303.24364012
0.10869565217391304	113411303.24363929
0.10964083175803403	113411303.24364126
0.11058601134215501	90729042.59491183
0.11200378071833648	90729042.59491025
0.11294896030245746	113411303.24363732
0.11389413988657845	113411303.24363929
0.11483931947069943	113411303.24364012
0.11578449905482041	90729042.59491025
0.11720226843100189	90729042.59491129
0.11814744801512288	113411303.24363929
0.11909262759924386	90729042.59491025
0.12051039697542533	90729042.59491341
0.12145557655954631	113411303.24364126
0.1224007561436673	90729042.59490973
0.12381852551984877	90729042.59491025
0.12476370510396975	113411303.24363929
0.12570888468809074	90729042.59491183
0.1271266540642722	90729042.59491025
0.1280718336483932	90729042.59491183
0.12948960302457466	75607535.49575971
0.13090737240075614	90729042.59490919
0.13185255198487714	90729042.59491025
0.1332703213610586	90729042.59491341
0.1342155009451796	90729042.59491341
0.13563327032136105	75607535.4957584
0.13705103969754254	75607535.49575971
0.138468809073724	75607535.49575971
0.13988657844990549	90729042.59490919
0.14083175803402648	90729042.59491183
0.14224952741020794	75607535.49575971
0.14366729678638943	75607535.4957584
0.14508506616257089	75607535.4957584
0.14650283553875237	75607535.49576102
0.14792060491493383	75607535.49576102
0.14933837429111532	75607535.4957584
0.15075614366729678	75607535.49575971
0.15217391304347827	64806458.996365376
0.15406427221172023	64806458.996365376
0.15548204158790171	75607535.49576102
0.15689981096408318	75607535.4957584
0.15831758034026466	64806458.99636425
0.16020793950850662	64806458.996364795
0.16162570888468808	64806458.99636425
0.16351606805293006	64806458.9963665
0.16493383742911152	64806458.99636425
0.1668241965973535	64806458.9963665
0.16824196597353497	64806458.996367045
0.17013232514177692	64806458.99636425
0.1715500945179584	64806458.99636425
0.17344045368620037	56705651.62181866
0.17533081285444235	56705651.62182063
0.1772211720226843	56705651.62181908
0.17911153119092627	64806458.99636425
0.18052930056710775	64806458.9963665
0.1824196597353497	56705651.62181866
0.1843100189035917	50405023.66383877
0.18667296786389415	50405023.663840845
0.1885633270321361	56705651.621821046
0.19045368620037806	56705651.62181866
0.19234404536862004	56705651.62181866
0.194234404536862	50405023.663840845
0.19659735349716445	50405023.66383877
0.19848771266540643	50405023.66383877
0.2008506616257089	45364521.297456704
0.20321361058601134	50405023.663839094
0.2051039697542533	50405023.66383877
0.20746691871455578	45364521.297456436
0.20982986767485823	45364521.297455125
0.21219281663516068	45364521.297455125
0.21455576559546313	45364521.297456704
0.21691871455576558	45364521.297456436
0.21928166351606806	45364521.297454864
0.22164461247637052	41240473.906777345
0.22448015122873347	41240473.906778775
0.22684310018903592	41240473.906777345
0.22967863894139887	37803767.7478792
0.23251417769376181	37803767.74788051
0.23534971644612476	37803767.7478792
0.2381852551984877	32403229.498182125
0.24196597353497165	32403229.49818325
0.2448015122873346	34895785.61342814
0.24810964083175804	30243014.1983033
0.251890359168242	37803767.747879386
0.2537807183364839	45364521.297456704
0.2566162570888469	26685012.52791465
0.2618147448015123	22682260.648727562
0.2660680529300567	32403229.49818325
0.2684310018903592	26685012.52791465
0.2741020793950851	23876063.84076587
0.2774102079395085	25202511.831920423
0.2826086956521739	30243014.19830435
0.2844990548204159	28352825.81090933
0.29017013232514177	17447892.806713462
0.29678638941398866	20620236.953389388
0.3005671077504726	30243014.1983033
0.30387523629489605	20620236.95338856
0.31096408317580343	19723704.91193767
0.31474480151228734	18145808.518982094
0.32277882797731566	19723704.911936983
0.32561436672967864	23876063.840766553
0.33175803402646503	14633716.547566673
0.34026465028355385	15121507.09915171
0.34593572778827975	26685012.52791465
0.3482986767485822	15642938.378433289
0.359640831758034	12260681.431744602
0.3657844990548204	20620236.953388672
0.3700378071833648	15121507.099152176
0.3799621928166352	18145808.518982008
0.3818525519848771	18145808.518982008
0.39177693761814747	11064517.38962355
0.4012287334593573	12961291.799273321
0.40831758034026466	15121507.09915165
0.41540642722117205	11064517.389623199
0.4276937618147448	10081004.732768143
0.43667296786389415	14633716.547566108
0.44234404536862004	21602152.998788144
0.44659735349716445	8723946.403357035
0.4669187145557656	7088206.452727346
0.4768431001890359	21950574.8213495
0.4815689981096408	11938031.92038335
0.48582230623818523	3335626.565989459
0.5137051039697542	10801076.499394177
0.5155954631379962	16201614.749091063
0.526937618147448	7958687.946921941
0.5425330812854442	11064517.38962355
0.5463137996219282	10549888.673827102
0.5628544423440454	10081004.732767766
0.5675803402646503	9652025.807969134
0.5850661625708885	6300627.957979866
