0.0004733354370463869	4953131898.283434
0.0009466708740927738	1727836708.703524
0.0014200063111391606	1267080253.0492508
0.0018933417481855476	1036702025.2221146
0.002366677185231934	921512911.3085479
0.002840012622278321	806323797.3949767
0.003313348059324708	691134683.4814091
0.003786683496371095	691134683.481411
0.004260018933417482	575945569.5678419
0.004733354370463868	575945569.5678409
0.005206689807510255	575945569.5678414
0.005680025244556642	460756455.65427274
0.006153360681603029	460756455.65427274
0.006626696118649416	460756455.65427274
0.007100031555695803	460756455.65427274
0.00757336699274219	460756455.6542747
0.008046702429788577	460756455.65427274
0.008520037866834964	345567341.74070406
0.008993373303881351	345567341.7407066
0.009466708740927737	460756455.65427357
0.009940044177974124	345567341.74070406
0.01041337961502051	345567341.740706
0.010886715052066898	460756455.65427274
0.011360050489113285	345567341.74070406
0.011833385926159672	230378227.82713538
0.012306721363206059	345567341.7407021
0.012780056800252446	345567341.740706
0.013253392237298833	345567341.740706
0.01372672767434522	345567341.74070406
0.014200063111391607	345567341.740706
0.014673398548437994	345567341.74070406
0.01514673398548438	230378227.82713538
0.015620069422530768	345567341.74070406
0.016093404859577155	345567341.740706
0.01656674029662354	230378227.82713735
0.01704007573366993	345567341.74070406
0.017513411170716316	345567341.74070406
0.017986746607762703	230378227.82713735
0.01846008204480909	230378227.8271382
0.018933417481855473	345567341.7407053
0.01940675291890186	345567341.74070406
0.019880088355948247	230378227.82713735
0.020353423792994634	230378227.82713735
0.02082675923004102	230378227.82713538
0.021300094667087408	345567341.74070406
0.021773430104133795	345567341.74070406
0.022246765541180182	230378227.82713538
0.02272010097822657	230378227.82713735
0.023193436415272956	230378227.82713932
0.023666771852319343	345567341.74070406
0.02414010728936573	345567341.7407021
0.024613442726412117	230378227.82713735
0.025086778163458504	230378227.82713932
0.02556011360050489	230378227.82713538
0.026033449037551278	230378227.82713538
0.026506784474597665	345567341.740706
0.026980119911644052	345567341.740706
0.02745345534869044	230378227.82713538
0.027926790785736826	230378227.82713538
0.028400126222783213	230378227.82713538
0.0288734616598296	345567341.74070406
0.029346797096875987	345567341.740706
0.029820132533922374	230378227.82713735
0.03029346797096876	230378227.82713538
0.030766803408015148	230378227.82713735
0.031240138845061535	230378227.8271382
0.03171347428210792	230378227.82713538
0.03218680971915431	230378227.82713735
0.03266014515620069	345567341.740706
0.03313348059324708	345567341.7407021
0.03360681603029347	230378227.8271334
0.03408015146733986	230378227.82714128
0.03455348690438624	230378227.82713735
0.03502682234143263	230378227.8271334
0.035500157778479015	230378227.82713735
0.035973493215525405	345567341.740706
0.03644682865257179	345567341.740706
0.03692016408961818	230378227.82713735
0.03739349952666456	230378227.8271351
0.037866834963710946	230378227.8271334
0.03834017040075734	230378227.82714128
0.03881350583780372	230378227.82713735
0.03928684127485011	230378227.8271334
0.039760176711896494	345567341.740706
0.040233512148942885	345567341.7407021
0.04070684758598927	230378227.8271334
0.04118018302303566	230378227.82714128
0.04165351846008204	230378227.82713735
0.04212685389712843	230378227.8271334
0.042600189334174816	230378227.82713735
0.04307352477122121	230378227.82713735
0.04354686020826759	230378227.82713735
0.04402019564531398	230378227.82713735
0.044493531082360364	230378227.82713735
0.044966866519406755	345567341.7407021
0.04544020195645314	345567341.740706
0.04591353739349953	230378227.82713735
0.04638687283054591	230378227.8271334
0.0468602082675923	230378227.82713735
0.047333543704638686	230378227.82713735
0.04780687914168508	230378227.82713735
0.04828021457873146	230378227.82713735
0.04875355001577785	230378227.82713735
0.049226885452824234	230378227.8271334
0.049700220889870625	230378227.8271334
0.05017355632691701	230378227.82714295
0.05064689176396339	230378227.82713735
0.05112022720100978	230378227.8271334
0.051593562638056166	230378227.82713735
0.052066898075102556	230378227.82713735
0.05254023351214894	230378227.8271334
0.05301356894919533	230378227.82713735
0.053486904386241714	230378227.82714128
0.053960239823288104	230378227.8271334
0.05443357526033449	230378227.8271334
0.05490691069738088	230378227.82713735
0.05538024613442726	230378227.82713735
0.05585358157147365	230378227.8271334
0.056326917008520036	230378227.82713735
0.056800252445566426	230378227.82714128
0.05727358788261281	230378227.8271334
0.0577469233196592	153585485.2180912
0.058693594193751975	153585485.21809456
0.05916692963079836	230378227.8271334
0.05964026506784475	230378227.8271334
0.06011360050489113	230378227.82713735
0.06058693594193752	230378227.82713735
0.061060271378983906	230378227.8271334
0.061533606816030297	230378227.82713735
0.06200694225307668	153585485.2180938
0.06295361312716946	153585485.2180893
0.06342694856421584	230378227.8271351
0.06390028400126223	230378227.8271396
0.06437361943830862	230378227.82713902
0.064846954875355	230378227.8271351
0.06532029031240139	153585485.21809044
0.06626696118649417	153585485.21809193
0.06674029662354054	230378227.8271351
0.06721363206058693	230378227.82713565
0.06768696749763332	153585485.21809456
0.06863363837172609	153585485.2180893
0.06910697380877248	230378227.82713172
0.06958030924581887	230378227.82713565
0.07005364468286526	153585485.21809193
0.07100031555695803	153585485.2180893
0.07147365099400442	230378227.82713565
0.07194698643105081	230378227.82714295
0.07242032186809719	153585485.2180893
0.07336699274218997	153585485.21809044
0.07384032817923636	230378227.82714295
0.07431366361628274	153585485.2180893
0.07526033449037552	153585485.2180893
0.07573366992742189	153585485.21809193
0.07668034080151467	153585485.21809044
0.07715367623856106	230378227.8271351
0.07762701167560744	153585485.21809193
0.07857368254970022	153585485.21809307
0.07904701798674661	153585485.2180893
0.07999368886083938	153585485.21809193
0.08046702429788577	153585485.21809456
0.08141369517197854	153585485.2180893
0.08188703060902493	153585485.21808782
0.08283370148311771	153585485.21809193
0.08330703692016408	153585485.21809193
0.08425370779425687	153585485.21808782
0.08472704323130326	153585485.21809193
0.08567371410539602	153585485.21809456
0.08614704954244241	153585485.2180893
0.08709372041653518	153585485.2180893
0.08756705585358157	153585485.21809193
0.08851372672767434	115189113.91356868
0.08946039760176712	153585485.21808782
0.08993373303881351	153585485.21809193
0.09088040391290628	153585485.21809456
0.09135373934995267	153585485.2180893
0.09230041022404543	115189113.91356868
0.09324708109813822	153585485.21809307
0.0937204165351846	153585485.2180893
0.09466708740927737	115189113.9135667
0.09561375828337015	115189113.91356868
0.09656042915746292	153585485.21809193
0.09703376459450931	153585485.2180893
0.09798043546860208	115189113.91356868
0.09892710634269486	115189113.91357064
0.09987377721678763	115189113.9135667
0.10082044809088041	153585485.21809193
0.10129378352792678	153585485.21809456
0.10224045440201956	115189113.9135667
0.10318712527611233	115189113.9135667
0.10413379615020511	115189113.91356868
0.10508046702429788	115189113.91356868
0.10602713789839066	115189113.9135667
0.10697380877248343	115189113.91356868
0.10792047964657621	115189113.91357064
0.10886715052066898	115189113.9135667
0.10981382139476176	115189113.91356868
0.11076049226885452	115189113.91356868
0.1117071631429473	115189113.9135667
0.11265383401704007	115189113.91356868
0.11360050489113285	92151291.1308548
0.11502051120227201	92151291.13085534
0.11596718207636478	115189113.9135667
0.11691385295045756	115189113.91356868
0.11786052382455033	115189113.91357064
0.1188071946986431	92151291.13085322
0.12022720100978226	92151291.13085322
0.12117387188387505	115189113.91356868
0.12212054275796781	92151291.13085534
0.12354054906910697	92151291.13085322
0.12448721994319975	115189113.91356783
0.12543389081729253	92151291.13085692
0.12685389712843168	92151291.13085377
0.12780056800252446	92151291.13085426
0.12922057431366363	92151291.13085692
0.13016724518775638	92151291.13085377
0.13158725149889555	92151291.13085268
0.13253392237298833	92151291.13085534
0.13395392868412748	92151291.13085534
0.13490059955822026	92151291.13085426
0.13632060586935943	76792742.60904597
0.13774061218049857	92151291.13085534
0.13868728305459135	92151291.13085426
0.14010728936573053	76792742.60904597
0.14152729567686967	76792742.60904597
0.14294730198800884	92151291.13085426
0.14389397286210162	92151291.1308522
0.14531397917324076	76792742.60904597
0.14673398548437994	76792742.60904597
0.14815399179551908	76792742.60904334
0.14957399810665825	76792742.60904785
0.15099400441779742	76792742.60904597
0.15241401072893657	65822350.80775134
0.15430735247712213	65822350.80775359
0.15572735878826127	76792742.60904597
0.15714736509940044	76792742.60904522
0.15856737141053961	65822350.80775359
0.16046071315872515	65822350.80775359
0.16188071946986432	76792742.60904597
0.16330072578100346	65822350.80775359
0.16519406752918903	65822350.80775359
0.16661407384032817	65822350.80775359
0.16850741558851373	65822350.80775359
0.16992742189965288	65822350.80775134
0.17182076364783844	65822350.80775304
0.1732407699589776	65822350.80775359
0.17513411170716314	57594556.95678279
0.17702745345534868	57594556.956786305
0.17892079520353424	65822350.80775304
0.1803408015146734	65822350.80775134
0.18223414326285894	57594556.956786305
0.1841274850110445	57594556.95678434
0.18602082675923004	57594556.95678236
0.1879141685074156	51195161.73936381
0.19028084569264753	51195161.73936415
0.19217418744083306	57594556.95678434
0.19406752918901862	51195161.73936381
0.19643420637425055	51195161.73936381
0.1983275481224361	51195161.73936381
0.20069422530766803	51195161.73936415
0.20258756705585357	51195161.73936206
0.20495424424108552	46075645.5654274
0.20732092142631744	46075645.5654274
0.2096875986115494	46075645.56542583
0.21205427579678132	51195161.73936589
0.21394761754496686	46075645.5654274
0.2167876301672452	38396371.304521486
0.21962764278952351	41886950.51402654
0.22199431997475544	41886950.51402511
0.22483433259703375	38396371.304521486
0.2276743452193121	32911175.40387666
0.2314610287156832	41886950.51402511
0.23288103502682234	41886950.51402511
0.23666771852319343	35442804.28109795
0.23903439570842538	32911175.403876796
0.24329441464184284	28797278.478392273
0.24660776270116755	38396371.3045228
0.2489744398863995	35442804.28109811
0.25276112338277057	30717097.043618448
0.2560744714420953	21940783.60258441
0.26270116756074474	27103320.920838654
0.2641211738718839	35442804.28109827
0.26885452824234773	23037822.7827137
0.27358788261281164	35442804.28109674
0.2750078889239508	30717097.043619495
0.2806879141685074	20943475.257012554
0.28542126853897126	21940783.60258378
0.29062795834648153	30717097.043618206
0.2925213000946671	24250339.771277662
0.29962133165036287	18430258.226170983
0.30435468602082677	19198185.6522614
0.3109813821394762	21940783.60258453
0.3142947301988009	28797278.47839217
0.3185547491322184	20032889.37627282
0.3251814452508678	28797278.47839217
0.32612811612496057	20032889.37627282
0.3360681603029347	13551660.460419837
0.34222152098453773	20032889.376272134
0.3469548753550016	28797278.47839217
0.3497948879772799	20943475.25701244
0.3573682549700221	12452877.179844843
0.36730829914799623	14863111.472719077
0.3720416535184601	19198185.652261492
0.3786683496371095	25597580.86968103
0.38056169138529505	20943475.257013157
0.38908172925213	12125169.885638831
0.3985484379930577	12452877.179844843
0.40659514042284634	13551660.460419837
0.4146418428526349	21940783.60258453
0.41653518460082045	32911175.40387792
0.4212685389712843	20032889.37627282
0.42742189965288735	13164470.161550226
0.4378352792679079	13551660.460419837
0.4435153045124645	15888153.643250896
0.45156200694225307	17721402.14054845
0.45582202587567056	18430258.226170354
0.46339539286841275	25597580.86968278
0.46434206374250553	53164206.42164814
0.4695487535500158	10016444.68813641
0.4752287787945724	10970391.801291516
0.4794887977279899	40654981.381258726
0.483275481224361	20943475.257012554
0.4899021773430104	36860516.45234197
0.49510886715052066	15888153.64325131
0.5036289050173557	10016444.68813641
0.5059955822025876	-25597580.86968399
0.5078889239507731	4346759.015606367
