0.01	10305272.018
0.01	10412618.602
0.01	10519965.185
0.011	10627311.769
0.011	10734658.352
0.011	10842004.936
0.012	10949351.52
0.012	11056698.103
0.013	11164044.687
0.013	11271391.27
0.013	11378737.854
0.014	11486084.437
0.014	11593431.021
0.014	11700777.604
0.014	11808124.188
0.015	11915470.771
0.015	12022817.355
0.015	12130163.938
0.016	12237510.522
0.016	12344857.105
0.017	12452203.689
0.017	12559550.272
0.017	12666896.856
0.018	12774243.439
0.018	12881590.023
0.019	12988936.607
0.019	13096283.19
0.019	13203629.774
0.02	13310976.357
0.02	13418322.941
0.021	13525669.524
0.021	13633016.108
0.021	13740362.691
0.022	13847709.275
0.022	13955055.858
0.022	14062402.442
0.023	14169749.025
0.023	14277095.609
0.024	14384442.192
0.024	14491788.776
0.024	14599135.359
0.025	14706481.943
0.025	14813828.526
0.026	14921175.11
0.026	15028521.693
0.027	15135868.277
0.027	15243214.861
0.027	15350561.444
0.028	15457908.028
0.028	15565254.611
0.029	15672601.195
0.029	15779947.778
0.029	15887294.362
0.03	15994640.945
0.03	16101987.529
0.03	16209334.112
0.031	16316680.696
0.031	16424027.279
0.032	16531373.863
0.032	16638720.446
0.033	16746067.03
0.033	16853413.613
0.034	16960760.197
0.034	17068106.78
0.034	17175453.364
0.035	17282799.948
0.035	17390146.531
0.036	17497493.115
0.036	17604839.698
0.036	17712186.282
0.037	17819532.865
0.037	17926879.449
0.038	18034226.032
0.038	18141572.616
0.039	18248919.199
0.039	18356265.783
0.039	18463612.366
0.04	18570958.95
0.04	18678305.533
0.041	18785652.117
0.041	18892998.7
0.042	19000345.284
0.042	19107691.867
0.043	19215038.451
0.043	19322385.034
0.043	19429731.618
0.044	19537078.202
0.044	19644424.785
0.045	19751771.369
0.045	19859117.952
0.046	19966464.536
0.046	20073811.119
0.047	20181157.703
0.047	20288504.286
0.048	20395850.87
0.048	20503197.453
0.049	20610544.037
0.049	20717890.62
0.05	20825237.204
0.05	20932583.787
0.05	21039930.371
0.051	21147276.954
0.051	21254623.538
0.052	21361970.121
0.052	21469316.705
0.053	21576663.289
0.053	21684009.872
0.054	21791356.456
0.054	21898703.039
0.055	22006049.623
0.055	22113396.206
0.056	22220742.79
0.056	22328089.373
0.057	22435435.957
0.057	22542782.54
0.058	22650129.124
0.058	22757475.707
0.059	22864822.291
0.059	22972168.874
0.06	23079515.458
0.06	23186862.041
0.061	23294208.625
0.062	23401555.208
0.062	23508901.792
0.063	23616248.375
0.063	23723594.959
0.064	23830941.543
0.065	23938288.126
0.065	24045634.71
0.065	24152981.293
0.066	24260327.877
0.067	24367674.46
0.067	24475021.044
0.068	24582367.627
0.068	24689714.211
0.069	24797060.794
0.07	24904407.378
0.07	25011753.961
0.071	25119100.545
0.072	25226447.128
0.072	25333793.712
0.072	25441140.295
0.073	25548486.879
0.074	25655833.462
0.074	25763180.046
0.075	25870526.63
0.076	25977873.213
0.077	26085219.797
0.077	26192566.38
0.078	26299912.964
0.079	26407259.547
0.079	26514606.131
0.08	26621952.714
0.08	26729299.298
0.081	26836645.881
0.082	26943992.465
0.082	27051339.048
0.083	27158685.632
0.084	27266032.215
0.085	27373378.799
0.085	27480725.382
0.086	27588071.966
0.086	27695418.549
0.087	27802765.133
0.088	27910111.716
0.089	28017458.3
0.09	28124804.884
0.09	28232151.467
0.091	28339498.051
0.092	28446844.634
0.093	28554191.218
0.093	28661537.801
0.094	28768884.385
0.095	28876230.968
0.096	28983577.552
0.097	29090924.135
0.097	29198270.719
0.098	29305617.302
0.099	29412963.886
0.1	29520310.469
0.101	29627657.053
0.101	29735003.636
0.102	29842350.22
0.103	29949696.803
0.104	30057043.387
0.105	30164389.971
0.106	30271736.554
0.107	30379083.138
0.108	30486429.721
0.109	30593776.305
0.11	30701122.888
0.111	30808469.472
0.112	30915816.055
0.113	31023162.639
0.114	31130509.222
0.115	31237855.806
0.115	31345202.389
0.116	31452548.973
0.118	31559895.556
0.119	31667242.14
0.12	31774588.723
0.121	31881935.307
0.122	31989281.89
0.123	32096628.474
0.124	32203975.057
0.125	32311321.641
0.126	32418668.225
0.127	32526014.808
0.129	32633361.392
0.129	32740707.975
0.131	32848054.559
0.132	32955401.142
0.133	33062747.726
0.134	33170094.309
0.136	33277440.893
0.137	33384787.476
0.138	33492134.06
0.139	33599480.643
0.141	33706827.227
0.142	33814173.81
0.143	33921520.394
0.144	34028866.977
0.146	34136213.561
0.147	34243560.144
0.149	34350906.728
0.15	34458253.312
0.151	34565599.895
0.153	34672946.479
0.154	34780293.062
0.156	34887639.646
0.157	34994986.229
0.159	35102332.813
0.16	35209679.396
0.162	35317025.98
0.164	35424372.563
0.165	35531719.147
0.167	35639065.73
0.168	35746412.314
0.17	35853758.897
0.172	35961105.481
0.173	36068452.064
0.175	36175798.648
0.177	36283145.231
0.179	36390491.815
0.18	36497838.398
0.182	36605184.982
0.184	36712531.566
0.186	36819878.149
0.188	36927224.733
0.19	37034571.316
0.192	37141917.9
0.194	37249264.483
0.196	37356611.067
0.198	37463957.65
0.201	37571304.234
0.202	37678650.817
0.205	37785997.401
0.207	37893343.984
0.209	38000690.568
0.212	38108037.151
0.214	38215383.735
0.217	38322730.318
0.219	38430076.902
0.222	38537423.485
0.224	38644770.069
0.227	38752116.653
0.23	38859463.236
0.233	38966809.82
0.236	39074156.403
0.238	39181502.987
0.242	39288849.57
0.244	39396196.154
0.248	39503542.737
0.251	39610889.321
0.254	39718235.904
0.258	39825582.488
0.261	39932929.071
0.266	40040275.655
0.27	40147622.238
0.274	40254968.822
0.278	40362315.405
