-3.2682268376646286	6.312854787341547
-3.2682268376646286	6.327095226456158
-3.2682268376646286	6.340883510941791
-3.2682268376646286	6.354247472499773
-3.2682268376646286	6.36721244966414
-3.2682268376646286	6.37980157697216
-3.2682268376646286	6.392036033389172
-3.2682268376646286	6.4039352566888805
-2.967196842000648	6.415517129238695
-2.967196842000648	6.426798139648384
-2.967196842000648	6.437793523949847
-2.967196842000648	6.448517389341621
-2.967196842000648	6.458982823019785
-2.7911055829449665	6.469201988201472
-2.7911055829449665	6.4791862091080725
-2.7911055829449665	6.488946046397229
-2.7911055829449665	6.498491364303459
-2.6661668463366666	6.507831390557603
-2.6661668463366666	6.516974769997472
-2.6661668463366666	6.5259296126503985
-2.6661668463366666	6.534703536957903
-2.5692568333286103	6.543303708719821
-2.5692568333286103	6.551736876256684
-2.5692568333286103	6.560009402222674
-2.490075587280985	6.568127292444854
-2.490075587280985	6.576096222116129
-2.490075587280985	6.583921559628085
-2.423128797650372	6.591608388294376
-2.423128797650372	6.599161526184822
-2.423128797650372	6.606585544264029
-2.3651368506726853	6.6138847830055285
-2.3651368506726853	6.621063367632652
-2.313984328225304	6.628125222120139
-2.313984328225304	6.635074082075467
-2.268226837664629	6.641913506605772
-2.268226837664629	6.64864688926474
-2.226834152506404	6.655277468163754
-2.226834152506404	6.6618083353227115
-2.189045591617004	6.668242445328121
-2.189045591617004	6.67458262335914
-2.154283485357792	6.680831572636142
-2.154283485357792	6.68699188134096
-2.122098801986391	6.693066029053154
-2.122098801986391	6.699056392742341
-2.0921355786089477	6.704965252352861
-2.0921355786089477	6.710794796013585
-2.064106855008704	6.716547124902676
-2.037777916286355	6.722224257794367
-2.037777916286355	6.7278281353123655
-2.012954332561323	6.7333606239123265
-1.9894732367118	6.738823519613828
-1.9894732367118	6.744218551500535
-1.9671968420006478	6.749547385005601
-1.9460075429307095	6.754811624997959
-1.9460075429307095	6.760012818683767
-1.9258041568424227	6.7651524583361775
-1.906499001647036	6.770231983865453
-1.906499001647036	6.775252785240504
-1.888015595953023	6.780216204772054
-1.8702868289925914	6.785123539266798
-1.8532534896938109	6.78997604206121
-1.8532534896938109	6.7947749249429785
-1.8368630735056417	6.79952135996744
-1.8210688063224096	6.80421648117582
-1.8058288397656728	6.808861386221584
-1.8058288397656728	6.813457137910733
-1.7911055829449665	6.8180047656614535
-1.7768651438303564	6.82250526688813
-1.7630768593447228	6.82695960831438
-1.7497128977867416	6.831368727219435
-1.7497128977867416	6.835733532621885
-1.7367479206223737	6.840054906404528
-1.7241587933143532	6.844333704383803
-1.7119243368973416	6.848570757327058
-1.7000251135976339	6.852766871920665
-1.6884432410478187	6.856922831691823
-1.6771622306381297	6.861039397886655
-1.6771622306381297	6.865117310307094
-1.6661668463366666	6.869157288108835
-1.6554429809448934	6.8731600305625085
-1.6449775472667285	6.87712621778011
-1.6347583820850424	6.881056511408542
-1.6247741611784416	6.884951555292067
-1.6150143238892853	6.888811976105305
-1.605469005983055	6.892638383958357
-1.5961289797289115	6.8964313729754965
-1.5869856002890417	6.900191521848804
-1.5869856002890417	6.903919394368047
-1.5780307576361152	6.907615539928011
-1.56925683332861	6.911280494014416
-1.5606566615666926	6.91491477866951
-1.5522234940298298	6.918518902938335
-1.54395096806384	6.922093363296633
-1.5358330778416605	6.925638644061283
-1.5278641481703852	6.92915521778412
-1.5200388106584286	6.932643545629942
-1.5123519819921376	6.936104077739448
-1.5047988441016917	6.939537253577842
-1.4973748260224848	6.942943502269753
-1.4900755872809852	6.946323242921134
-1.482897002653862	6.949676884928722
-1.4758351481663752	6.953004828277649
-1.4688862882110472	6.956307463827735
-1.4620468636807418	6.95958517358897
-1.4553134810217734	6.962838330986693
-1.4486829021227603	6.966067301116891
-1.4421520349638026	6.9692724409921025
-1.4357179249583927	6.972454099778291
-1.4293777469273736	6.975612619023122
-1.4231287976503721	6.9787483328759805
-1.4169684889455536	6.981861568300123
-1.4108943412333605	6.984952645277265
-1.404903977544173	6.988021877004941
-1.3989951179336528	6.991069570086947
-1.393165574272929	6.994096024717135
-1.3874132453838377	6.99710153485686
-1.381736112492147	7.000086388406322
-1.3761322349741485	7.003050867370061
-1.3705997463741875	7.005995248016842
-1.3651368506726853	7.008919801034159
-1.359741818785979	7.011824791677566
-1.3544129852809124	7.014710479915054
-1.349148745288555	7.017577120566657
-1.3439475516027473	7.020424963439484
-1.3388079119503362	7.023254253458348
-1.3337283864210612	7.0260652307921765
-1.3237441655144604	7.028858130976347
-1.3188368310197163	7.031633185031119
-1.313984328225304	7.034390619576308
-1.3091854453435352	7.037130656942336
-1.3044390103190737	7.03985351527781
-1.2997438891106938	7.042559408653735
-1.2950989840649303	7.045248547164516
-1.2859556046250606	7.047921137025843
-1.281455103398384	7.050577380669583
-1.2770007619721342	7.053217476835791
-1.272591643067079	7.0558416206619405
-1.2682268376646288	7.058450003769468
-1.2596266659027113	7.061042814347748
-1.2553896129594568	7.0636202372355585
-1.2511934983658486	7.066182454000159
-1.2470375385946908	7.068729643014039
-1.2388430599794193	7.071261979529434
-1.2348030821776792	7.073779635750681
-1.2308003397240053	7.076282780904485
-1.226834152506404	7.07877158130818
-1.2190088149944474	7.081246200436035
-1.2151483941812091	7.083706798983692
-1.2075289973110173	7.086153534930779
-1.2037688484377105	7.088586563601778
-1.2000409759184674	7.091006037725191
-1.192679876272098	7.093412107491069
-1.1890455916170042	7.09580492060696
-1.1854414673481788	7.098184622352314
-1.178321726225231	7.1005513556314215
-1.174805152502394	7.102905261024899
-1.1678562925470661	7.105246476839802
-1.164423116708672	7.107575139158384
-1.15763712736538	7.109891381885565
-1.1542834853577921	7.112195336795129
-1.147652906458779	7.114487133574714
-1.1443751966975433	7.116766899869613
-1.1378930691696227	7.119034761325435
-1.1346879292944114	7.1212908416296585
-1.1283477512633924	7.123535262552111
-1.1252120374105339	7.125768143984403
-1.119007725009249	7.127989603978361
-1.1128908001995672	7.130199758783478
-1.1098643455693793	7.1323987228834165
-1.103873981880192	7.134586609031592
-1.0979651222696716	7.136763528285866
-1.0950405692523548	7.138929590042374
-1.0892498903714596	7.141084902068509
-1.0835354068470302	7.143229570535098
-1.080706116828166	7.145363700047784
-1.0751022393101675	7.14748739367764
-1.0695697507102064	7.149600752991039
-1.064106855008704	7.151703878078803
-1.0614009616327793	7.153796867584647
-1.0560392332606712	7.155879818732939
-1.0507428934507226	7.157952827355804
-1.0455103665170458	7.160015987919578
-1.0403401330509554	7.162069393550636
-1.035230727272475	7.164113136060623
-1.03269839075708	7.166147305971076
-1.0276775893820291	7.1681719925374905
-1.0227141698504791	7.170187283772816
-1.017806835355735	7.172193266470415
-1.0129543325613228	7.17419002622649
-1.0081554496795542	7.176177647462003
-1.0034090146550925	7.178156213444091
-0.9987138934467126	7.180125806306996
-0.994068988400949	7.1820865070725235
-0.9894732367118	7.184038395670045
-0.9849256089610794	7.185981550956048
-0.9781922263021109	7.187916050733247
-0.9737606115030359	7.189841971769286
-0.9693737612549224	7.191759389815008
-0.9650307802441401	7.193668379622339
-0.9607307997514161	7.195569014961773
-0.9543596172954756	7.197461368639478
-0.9501635027018673	7.1993455125140295
-0.9460075429307097	7.201221517512785
-0.9418909767358775	7.2030894536479035
-0.9357883777490236	7.204949390032028
-0.9317671038160994	7.206801394893621
-0.9258041568424227	7.208645535591992
-0.9218738632139903	7.210481878631989
-0.9160443195532665	7.212310489678397
-0.9122009804715062	7.214131433570023
-0.9064990016470361	7.215944774333491
-0.9027388527737292	7.217750575196753
-0.8971589753928926	7.219548898602317
-0.8934784916545251	7.221339806220198
-0.8880155959530229	7.223123358960614
-0.8826205640663167	7.224899616986417
-0.8772917305612498	7.226668639725264
-0.8737751568384127	7.2284304858815505
-0.8685531161835909	7.2301852134481015
-0.8633931210446909	7.231932879717622
-0.8582937143333345	7.233673541293923
-0.853253489693811	7.235407254102923
-0.8482710891748712	7.237134073403429
-0.843345201033562	7.238854053797703
-0.838474557662221	7.240567249241823
-0.8336579336304303	7.24227371305584
-0.8288941438343662	7.243973497933735
-0.8241820417465526	7.24566665595318
-0.819520517759549	7.247353238585116
-0.8133819776561187	7.249033296703137
-0.808834349905398	7.250706880592703
-0.8028439862162107	7.252374039960166
-0.798404821686466	7.25403482394163
-0.7940105735883737	7.255689281111643
-0.7882198947074783	7.257337459491716
-0.7839269983178431	7.258979406558693
-0.7782683582397943	7.260615169252952
-0.7726825001181805	7.2622447939864605
-0.7685397550462252	7.263868326650674
-0.763076859344723	7.265485812624293
-0.7576818274580168	7.2670972967808725
-0.7523529939529499	7.268702823496291
-0.7457826041583091	7.270302436656084
-0.7405969367932903	7.271896179662641
-0.7354724586721313	7.273484095442273
-0.7316683950930989	7.2750662264521475
-0.7241587933143533	7.276642614687103
-0.7192235756388411	7.278213301686334
-0.7143438110207546	7.279778328539962
-0.7083202126285164	7.281337735895483
-0.7023790189911113	7.282891563964104
-0.6965180058559413	7.284439852526965
-0.6895876276965566	7.2859826409412465
-0.6861634747529202	7.287519968146175
-0.6782772363389212	7.289051872668923
-0.6727306158390548	7.290578392630395
-0.6650824650444467	7.292099565750928
-0.657566674574749	7.293615429355877
-0.6522767860082279	7.295126020381116
-0.6480907826908714	7.296631375378433
-0.6408609810718964	7.298131530520841
-0.6327430908497169	7.2996265216077925
-0.6267527271605294	7.301116384070303
-0.6228045683155371	7.302601152975995
-0.616948823666485	7.304080863034042
-0.6073613596607598	7.305555548600048
-0.6026458466466759	7.307025243680823
-0.5952059305357327	7.308489981939098
-0.5915332280397624	7.30994979669814
-0.5851797994257794	7.311404720946315
-0.5780307576361153	7.312854787341547
-0.5709974949049114	7.314300028215729
-0.5623631253807098	7.315740475579036
-0.5564196086234379	7.31717616112419
-0.5547362945706864	7.3186071162306385
-0.5423152053695808	7.3200333719686705
-0.5366380724778902	7.321454959103465
-0.5286544932145371	7.322871908099072
-0.5247170729361992	7.3242842491223294
-0.5200388106584285	7.32569201204672
-0.5115907294187809	7.327095226456158
-0.5070510245088975	7.328493921648723
-0.5003292216465383	7.329888126640328
-0.49225250653525987	7.331277870168334
-0.4836095450317536	7.3326631806951
-0.47864612550020347	7.3340440864114855
-0.4779416736313873	7.335420615240289
-0.47026719392743277	7.336792794839637
-0.4640874053292785	7.338160652606318
-0.45464584909643696	7.3395242156790665
-0.4519855376728459	7.340883510941791
-0.44540519236152437	7.342238565026757
-0.44475260849432785	7.343589404317716
-0.438923064833604	7.344936054952988
-0.4243714150414679	7.346278542828498
-0.4175806024815624	7.347616893600759
-0.41819357997485995	7.348951132689824
-0.40312286302350103	7.350281285282171
-0.40490397754417307	7.351607376333564
-0.39665390211875023	7.3529294305718595
-0.3897050421634224	7.354247472499773
-0.38456540251101134	7.3555615263976035
-0.36950165607513547	7.356871616325922
-0.3700503541669524	7.358177766128205
-0.36622394631389954	7.359479999433449
-0.3565366789107678	7.36077833965873
-0.3449828190343524	7.362072810011729
-0.3408564746256054	7.363363433493224
-0.3393191474206763	7.36465023289954
-0.3267154050302259	7.365933230824967
-0.3357530729874757	7.36721244966414
-0.32177457265155585	7.368487911614383
-0.32226613408706034	7.36975963867802
-0.31834913362775413	7.371027652664655
-0.3207931157775782	7.3722919751934155
