-3.330278458039823	6.587090727649862
-3.330278458039823	6.598989950949569
-3.330278458039823	6.610571823499384
-3.330278458039823	6.621852833909074
-3.330278458039823	6.632848218210537
-3.330278458039823	6.64357208360231
-3.330278458039823	6.654037517280475
-3.330278458039823	6.664256682462161
-3.330278458039823	6.674240903368762
-3.0292484623758416	6.684000740657918
-3.0292484623758416	6.693546058564149
-3.0292484623758416	6.702886084818292
-3.0292484623758416	6.712029464258162
-3.0292484623758416	6.720984306911088
-3.0292484623758416	6.729758231218593
-2.85315720332016	6.738358402980511
-2.85315720332016	6.746791570517374
-2.85315720332016	6.7550640964833635
-2.85315720332016	6.763181986705543
-2.85315720332016	6.771150916376818
-2.7282184667118603	6.778976253888775
-2.7282184667118603	6.786663082555066
-2.7282184667118603	6.794216220445512
-2.7282184667118603	6.801640238524719
-2.631308453703804	6.808939477266218
-2.631308453703804	6.8161180618933415
-2.631308453703804	6.823179916380829
-2.552127207656179	6.8301287763361564
-2.552127207656179	6.836968200866462
-2.552127207656179	6.84370158352543
-2.552127207656179	6.8503321624244435
-2.485180418025566	6.856863029583401
-2.485180418025566	6.863297139588811
-2.427188471047879	6.86963731761983
-2.427188471047879	6.875886266896831
-2.427188471047879	6.88204657560165
-2.376035948600498	6.888120723313843
-2.376035948600498	6.89411108700303
-2.376035948600498	6.900019946613551
-2.330278458039823	6.905849490274274
-2.330278458039823	6.911601819163366
-2.288885772881598	6.917278952055057
-2.288885772881598	6.922882829573055
-2.251097211992198	6.928415318173016
-2.251097211992198	6.933878213874518
-2.216335105732986	6.939273245761224
-2.216335105732986	6.944602079266291
-2.1841504223615846	6.949866319258648
-2.1841504223615846	6.955067512944456
-2.1541871989841415	6.960207152596867
-2.1541871989841415	6.965286678126143
-2.1261584753838982	6.970307479501193
-2.1261584753838982	6.975270899032743
-2.0998295366615487	6.980178233527488
-2.0998295366615487	6.9850307363218995
-2.075005952936517	6.989829619203668
-2.051524857086994	6.99457605422813
-2.051524857086994	6.99927117543651
-2.0292484623758416	7.0039160804822735
-2.0292484623758416	7.008511832171422
-2.0080591633059037	7.013059459922143
-1.9878557772176166	7.0175599611488195
-1.9878557772176166	7.022014302575069
-1.96855062202223	7.026423421480124
-1.950067216328217	7.030788226882574
-1.950067216328217	7.035109600665217
-1.932338449367785	7.039388398644492
-1.9153051100690048	7.043625451587746
-1.8989146938808354	7.047821566181355
-1.8989146938808354	7.051977525952513
-1.8831204266976036	7.056094092147345
-1.8678804601408667	7.060172004567784
-1.8678804601408667	7.064211982369525
-1.8531572033201604	7.068214724823198
-1.8389167642055502	7.0721809120408
-1.8251284797199168	7.076111205669232
-1.8251284797199168	7.080006249552756
-1.8117645181619353	7.083866670365994
-1.7987995409975677	7.087693078219047
-1.7862104136895471	7.091486067236186
-1.7739759572725355	7.095246216109493
-1.7739759572725355	7.0989740886287365
-1.7620767339728278	7.1026702341887
-1.7504948614230127	7.106335188275105
-1.7392138510133237	7.109969472930199
-1.7282184667118603	7.113573597199024
-1.7282184667118603	7.117148057557323
-1.7174946013200874	7.120693338321972
-1.7070291676419223	7.12420991204481
-1.6968100024602362	7.127698239890631
-1.6868257815536354	7.131158772000138
-1.677065944264479	7.134591947838532
-1.677065944264479	7.137998196530443
-1.6675206263582487	7.141377937181823
-1.6581806001041053	7.144731579189411
-1.6490372206642356	7.148059522538339
-1.6400823780113092	7.151362158088424
-1.631308453703804	7.15463986784966
-1.6227082819418863	7.1578930252473825
-1.6227082819418863	7.161121995377581
-1.6142751144050236	7.164327135252792
-1.6060025884390339	7.167508794038981
-1.5978846982168544	7.170667313283811
-1.589915768545579	7.173803027136669
-1.5820904310336223	7.1769162625608125
-1.5744036023673313	7.180007339537954
-1.5668504644768855	7.183076571265631
-1.5668504644768855	7.186124264347637
-1.5594264463976786	7.1891507189778245
-1.5521272076561792	7.19215622911755
-1.544948623029056	7.1951410826670115
-1.537886768541569	7.198105561630751
-1.5309379085862411	7.201049942277532
-1.5240984840559357	7.203974495294848
-1.5173651013969671	7.206879485938256
-1.5173651013969671	7.209765174175744
-1.5107345224979543	7.212631814827347
-1.5042036553389964	7.215479657700174
-1.4977695453335866	7.218308947719038
-1.4914293673025676	7.221119925052866
-1.4851804180255659	7.223912825237036
-1.4790201093207476	7.226687879291808
-1.4729459616085543	7.229445313836997
-1.466955597919367	7.232185351203026
-1.466955597919367	7.234908209538499
-1.4610467383088466	7.237614102914424
-1.4552171946481227	7.240303241425205
-1.4494648657590314	7.242975831286532
-1.443787732867341	7.245632074930272
-1.4381838553493425	7.248272171096481
-1.4326513667493814	7.250896314922629
-1.4271884710478793	7.253504698030158
-1.421793439161173	7.256097508608438
-1.416464605656106	7.258674931496248
-1.4112003656637488	7.261237148260848
-1.4112003656637488	7.263784337274728
-1.4059991719779412	7.266316673790123
-1.4008595323255302	7.26883433001137
-1.3957800067962551	7.271337475165174
-1.3907592054212043	7.273826275568869
-1.3857957858896541	7.276300894696725
-1.38088845139491	7.278761493244381
-1.376035948600498	7.281208229191469
-1.3712370657187292	7.283641257862468
-1.3664906306942677	7.286060731985881
-1.3617955094858878	7.288466801751759
-1.3571506044401243	7.290859614867649
-1.352554852750975	7.293239316613004
-1.3480072250002544	7.295606049892111
-1.343506723773578	7.297959955285588
-1.339052382347328	7.30030117110049
-1.334643263442273	7.302629833419074
-1.3302784580398228	7.304946076146254
-1.3259570842571802	7.307250031055819
-1.3216782862779053	7.309541827835403
-1.3174412333346506	7.311821594130302
-1.3132451187410425	7.3140894555861244
-1.3090891589698848	7.316345535890348
-1.3049725927750526	7.318589956812801
-1.300894680354613	7.320822838245093
-1.2968547025528732	7.323044298239051
-1.2928519600991992	7.325254453044168
-1.2888857728815977	7.327453417144105
-1.2849554792531654	7.329641303292281
-1.281060435369641	7.331818222546556
-1.277200014556403	7.333984284303064
-1.27337360670335	7.336139596329199
-1.269580617686211	7.338284264795788
-1.2658204688129042	7.3404183943084735
-1.262092596293661	7.3425420879383285
-1.2583964507336975	7.344655447251728
-1.254731496647292	7.346758572339493
-1.251097211992198	7.348851561845336
-1.2439186273650746	7.3509345129936285
-1.240373346600425	7.353007521616494
-1.2368567728775877	7.355070682180267
-1.2333684450317663	7.357124087811326
-1.2299079129222599	7.359167830321312
-1.226474737083866	7.361202000231765
-1.2230684883919545	7.36322668679818
-1.2196887477405738	7.365241978033505
-1.2130071623840586	7.367247960731104
-1.209704526833973	7.369244720487179
-1.206426817072737	7.371232341722693
-1.203173659675015	7.373210907704781
-1.1999446895448167	7.375180500567685
-1.1967395496696054	7.377141201333213
-1.1903993716385863	7.379093089930735
-1.1872636577857278	7.3810362452167375
-1.1841504223615849	7.382970744993937
-1.181059345384443	7.3848966660299755
-1.174942420574761	7.386814084075697
-1.171915965944573	7.388723073883028
-1.168910455804848	7.390623709222463
-1.1659256022553857	7.392516062900167
-1.1600167426448653	7.394400206774719
-1.1570921896275488	7.396276211773474
-1.1541871989841415	7.398144147908593
-1.1513015107466533	7.400004084292717
-1.145587027222224	7.401856089154311
-1.1427577372033597	7.4037002298526815
-1.1399467598695314	7.405536572892679
-1.134378805630589	7.407365183939087
-1.1316213710854002	7.409186127830712
-1.1288813337193713	7.410999468594181
-1.123452582007973	7.412805269457443
-1.1207634434971918	7.414603592863005
-1.1154346099921248	7.416394500480886
-1.1127945138259165	7.418178053221304
-1.1101703699997678	7.419954311247107
-1.10496917631396	7.421723333985954
-1.1023917534261494	7.42348518014224
-1.097282347647669	7.425239907708791
-1.0947500111322739	7.426987573978311
-1.0922323549110273	7.428728235554612
-1.0872404093535284	7.430461948363613
-1.0847657902256729	7.432188767664119
-1.0798584557309288	7.433908748058393
-1.0774254270599297	7.435621943502513
-1.0725998831706383	7.43732840731653
-1.0702070700547481	7.439028192194424
-1.0654606350302864	7.440721350213869
-1.063106729636809	7.442407932845804
-1.0584368515033238	7.444087990963826
-1.0538166538665785	7.4457615748533925
-1.051524857086994	7.447428734220855
-1.0469772293362731	7.44908951820232
-1.0447211490320492	7.450743975372332
-1.040243846677305	7.452392153752405
-1.03581223187823	7.454034100819382
-1.0336132677782917	7.455669863513641
-1.0292484623758416	7.457299488247149
-1.024927088593199	7.458923020911364
-1.0227824201266098	7.460540506884983
-1.0185245969840686	7.462151991041562
-1.014308112582905	7.463757517756981
-1.0122151230770613	7.465357130916773
-1.0080591633059035	7.466950873923331
-1.0039425971110714	7.468538789702962
-0.9998646846906319	7.470120920712837
-0.9958247068888919	7.4716973089477925
-0.9938187241912932	7.473267995947023
-0.9898343431997044	7.4748330228006505
-0.9858861843547121	7.476392430156172
-0.9819735949916621	7.477946258224794
-0.9780959399284603	7.479494546787654
-0.9742526008467001	7.481037335201935
-0.9704429756999349	7.482574662406865
-0.9666664781476785	7.484106566929612
-0.9629225370138038	7.4856330868910845
-0.9592105957680865	7.487154260011618
-0.9555301120297189	7.488670123616567
-0.9518805570916851	7.490180714641806
-0.9482614154649545	7.4916860696391225
-0.9446721844415106	7.493186224781531
-0.9411123736752903	7.494681215868482
-0.937581504780157	7.496171078330993
-0.9340791109440865	7.497655847236684
-0.9288779172582787	7.499135557294732
-0.9254447414198848	7.500610242860738
-0.9220384927279732	7.502079937941513
-0.9186587520765926	7.503544676199787
-0.9153051100690048	7.50500449095883
-0.910322709550065	7.506459415207004
-0.9070325841030149	7.507909481602237
-0.9037671966752476	7.509354722476417
-0.8989146938808354	7.510795169839725
-0.8957095540056241	7.512230855384879
-0.8909457642095602	7.513661810491328
-0.8877986889753743	7.51508806622936
-0.8831204266976036	7.516509653364155
-0.8800293497204618	7.517926602359761
-0.8754335980313126	7.519338943383019
-0.8723965613058304	7.520746706307409
-0.8678804601408667	7.522149920716847
-0.8634108376857134	7.523548615909412
-0.8604564420616598	7.524942820901018
-0.8560621939635675	7.526332564429023
-0.8517119624459795	7.52771787495579
-0.8474048744310692	7.529098780672175
-0.8445570315582428	7.530475309500979
-0.8403199786149882	7.531847489100326
-0.8361238640213801	7.533215346867007
-0.8319679042502223	7.534578909939755
-0.8278513380553901	7.535938205202481
-0.8237734256349507	7.537293259287447
-0.8197334478332107	7.538644098578406
-0.8157307053795367	7.539990749213677
-0.8117645181619353	7.541333237089186
-0.807834224533503	7.542671587861449
-0.8039391806499787	7.544005826950514
-0.7987995409975677	7.545335979542861
-0.7949843379970523	7.5466620705942535
-0.7912023592470463	7.547984124832549
-0.7862104136895471	7.549302166760462
-0.7825037526520002	7.550616220658293
-0.7776102419276296	7.551926310586611
-0.7739759572725355	7.5532324603888945
-0.7691770743907669	7.554534693694139
-0.7656123937877335	7.55583303391942
-0.760904548424777	7.557127504272419
-0.756247190312104	7.558418127753913
-0.7516392480717504	7.5597049271602295
-0.7482150951281141	7.560987925085657
-0.7436911533680679	7.56226714392483
-0.7392138510133237	7.563542605875072
-0.7347822362142487	7.56481433293871
-0.730395385966135	7.566082346925345
-0.7249734118987134	7.567346669454104
-0.7206840488146028	7.568607321955849
-0.7164366361637536	7.5698643256753515
-0.7122303613277301	7.571117701673448
-0.7070291676419224	7.572367470829155
-0.7029126014470902	7.573613653841754
-0.6978211658550986	7.57485627123285
-0.6937905616864574	7.576095343348398
-0.6888043475357233	7.577330890360705
-0.6838747318167533	7.578562932270397
-0.6790004440416788	7.579791488908362
-0.6741802560269909	7.5810165799376685
-0.6694129800359536	7.58223822485545
-0.6637604774849419	7.583456442994768
-0.6591056153247395	7.584671253526449
-0.6545001163657378	7.585882675460893
-0.6490372206642356	7.587090727649862
-0.6436421887775294	7.588295428788232
-0.6383133552724625	7.58949679741574
-0.6330491152801053	7.590694851918687
-0.6278479215942975	7.591889610531631
-0.6227082819418864	7.593081091339049
-0.6167879149458803	7.594269312276985
-0.6117767691725486	7.595454291134664
-0.6060025884390338	7.596636045556092
-0.6003041723402672	7.597814593041635
-0.5954786284509759	7.598989950949569
-0.5883393803106238	7.60016213649762
-0.5828666501533994	7.601331166764472
-0.5744036023673313	7.602497058691262
-0.5691026448840913	7.603659829083055
-0.5623808420217322	7.604819494610293
-0.5557614923112733	7.605976071810235
-0.549241519418691	7.607129577088368
-0.5421100868986551	7.608280026719799
-0.5357904113806532	7.6094274368506465
-0.527504732747847	7.610571823499384
-0.5193741773711225	7.611713202558194
-0.5094204686001229	7.612851589794284
-0.49904876417275945	7.613987000851197
-0.4895452234280161	7.615119451250106
-0.4833231330199989	7.616248956391075
-0.47234319332039376	7.6173755315543294
-0.4604602500604946	7.618499191901486
-0.45870552249394414	7.619619952476782
-0.44491723800831084	7.6207378282082825
-0.43651669598187937	7.621852833909074
-0.4359623953553844	7.6229649842784415
-0.4196540531506216	7.624074293903032
-0.41540664049977244	7.625180777258001
-0.39527530658616805	7.626284448708149
-0.3927605660224762	7.627385322509035
-0.38727886467378225	7.6284834128080865
-0.36885736397337454	7.6295787336456895
-0.36460648681971614	7.630671298956262
-0.35946684716730504	7.631761122569323
-0.3553064637417539	7.632848218210537
-0.3386094506598743	7.6339325995027565
-0.3315832997281671	7.635014279967044
-0.3315832997281671	7.636093273023684
-0.3320191196161241	7.637169591993179
-0.3195545926480497	7.6382432500972435
-0.3078500868543363	7.639314260459768
-0.3161781365202022	7.640382636107795
-0.2940489139535282	7.641448389972455
-0.3017072053472852	7.642511534889916
-0.28809686352405656	7.64357208360231
-0.27604854817642555	7.644630048758644
