-3.325515663363148	6.58647317414798
-3.325515663363148	6.598372397447688
-3.325515663363148	6.609954269997504
-3.325515663363148	6.621235280407193
-3.325515663363148	6.632230664708656
-3.325515663363148	6.642954530100429
-3.325515663363148	6.653419963778594
-3.325515663363148	6.66363912896028
-3.325515663363148	6.67362334986688
-3.024485667699167	6.683383187156037
-3.024485667699167	6.692928505062268
-3.024485667699167	6.7022685313164105
-3.024485667699167	6.71141191075628
-3.024485667699167	6.720366753409207
-3.024485667699167	6.729140677716712
-3.024485667699167	6.73774084947863
-2.8483944086434856	6.746174017015493
-2.8483944086434856	6.754446542981483
-2.8483944086434856	6.762564433203662
-2.8483944086434856	6.770533362874938
-2.8483944086434856	6.778358700386893
-2.7234556720351857	6.786045529053185
-2.7234556720351857	6.79359866694363
-2.7234556720351857	6.801022685022837
-2.7234556720351857	6.808321923764337
-2.6265456590271294	6.815500508391461
-2.6265456590271294	6.822562362878947
-2.6265456590271294	6.829511222834275
-2.5473644129795043	6.836350647364581
-2.5473644129795043	6.843084030023549
-2.5473644129795043	6.849714608922562
-2.5473644129795043	6.8562454760815195
-2.4804176233488913	6.86267958608693
-2.4804176233488913	6.869019764117948
-2.4804176233488913	6.87526871339495
-2.4224256763712044	6.881429022099769
-2.4224256763712044	6.8875031698119615
-2.4224256763712044	6.893493533501149
-2.3712731539238234	6.89940239311167
-2.3712731539238234	6.9052319367723936
-2.325515663363148	6.910984265661485
-2.325515663363148	6.916661398553175
-2.2841229782049233	6.922265276071173
-2.2841229782049233	6.927797764671134
-2.2841229782049233	6.933260660372637
-2.246334417315523	6.938655692259343
-2.246334417315523	6.94398452576441
-2.2115723110563112	6.949248765756767
-2.2115723110563112	6.954449959442575
-2.17938762768491	6.959589599094986
-2.17938762768491	6.964669124624261
-2.149424404307467	6.969689925999312
-2.149424404307467	6.974653345530862
-2.121395680707223	6.979560680025606
-2.121395680707223	6.984413182820019
-2.095066741984874	6.989212065701787
-2.070243158259842	6.993958500726248
-2.070243158259842	6.998653621934628
-2.0467620624103193	7.003298526980392
-2.0467620624103193	7.007894278669541
-2.024485667699167	7.012441906420261
-2.003296368629229	7.016942407646938
-2.003296368629229	7.021396749073189
-1.9830929825409418	7.025805867978243
-1.9637878273455553	7.0301706733806935
-1.9637878273455553	7.034492047163336
-1.945304421651542	7.0387708451426105
-1.9275756546911105	7.0430078980858655
-1.9275756546911105	7.047204012679473
-1.9105423153923302	7.051359972450632
-1.8941518992041608	7.055476538645464
-1.878357632020929	7.059554451065903
-1.878357632020929	7.063594428867643
-1.863117665464192	7.067597171321317
-1.8483944086434858	7.071563358538918
-1.8341539695288755	7.075493652167351
-1.8341539695288755	7.0793886960508745
-1.8203656850432421	7.083249116864113
-1.8070017234852607	7.087075524717166
-1.794036746320893	7.090868513734305
-1.7814476190128725	7.094628662607612
-1.7814476190128725	7.098356535126855
-1.769213162595861	7.1020526806868185
-1.7573139392961532	7.1057176347732245
-1.7457320667463379	7.109351919428319
-1.7344510563366489	7.112956043697143
-1.7234556720351857	7.116530504055442
-1.7127318066434127	7.1200757848200915
-1.7127318066434127	7.123592358542928
-1.7022663729652476	7.12708068638875
-1.6920472077835615	7.130541218498256
-1.6820629868769608	7.13397439433665
-1.6723031495878045	7.137380643028561
-1.662757831681574	7.140760383679942
-1.6534178054274307	7.14411402568753
-1.6442744259875608	7.147441969036458
-1.6442744259875608	7.150744604586543
-1.6353195833346346	7.154022314347779
-1.6265456590271294	7.157275471745501
-1.6179454872652117	7.160504441875699
-1.609512319728349	7.163709581750911
-1.601239793762359	7.1668912405371
-1.5931219035401796	7.1700497597819295
-1.5851529738689043	7.173185473634788
-1.5773276363569477	7.176298709058932
-1.5696408076906567	7.179389786036073
-1.5620876698002109	7.18245901776375
-1.5620876698002109	7.185506710845755
-1.554663651721004	7.188533165475943
-1.5473644129795046	7.191538675615668
-1.540185828352381	7.194523529165131
-1.5331239738648943	7.197488008128869
-1.5261751139095665	7.200432388775651
-1.519335689379261	7.2033569417929675
-1.5126023067202925	7.206261932436375
-1.5059717278212794	7.209147620673863
-1.4994408606623217	7.212014261325466
-1.4930067506569118	7.214862104198292
-1.486666572625893	7.217691394217156
-1.4804176233488913	7.220502371550984
-1.4742573146440727	7.223295271735155
-1.4742573146440727	7.2260703257899275
-1.4681831669318797	7.228827760335116
-1.4621928032426923	7.231567797701144
-1.456283943632172	7.2342906560366185
-1.450454399971448	7.2369965494125434
-1.4447020710823568	7.239685687923324
-1.4390249381906663	7.242358277784652
-1.4334210606726678	7.245014521428391
-1.4278885720727066	7.247654617594599
-1.4224256763712047	7.2502787614207485
-1.4170306444844984	7.252887144528277
-1.4117018109794315	7.255479955106556
-1.4064375709870742	7.2580573779943665
-1.4012363773012666	7.260619594758968
-1.3960967376488553	7.2631667837728475
-1.3910172121195805	7.265699120288242
-1.3859964107445297	7.2682167765094885
-1.3810329912129795	7.270719921663293
-1.3761256567182354	7.273208722066988
-1.3712731539238234	7.275683341194843
-1.3664742710420545	7.2781439397425
-1.3617278360175928	7.280590675689587
-1.357032714809213	7.283023704360587
-1.3523878097634494	7.285443178483999
-1.3477920580743004	7.287849248249878
-1.3432444303235798	7.290242061365768
-1.3387439290969032	7.292621763111123
-1.3342895876706533	7.294988496390229
-1.3298804687655983	7.297342401783707
-1.3255156633631482	7.2996836175986095
-1.3211942895805056	7.302012279917192
-1.3169154916012307	7.304328522644373
-1.312678438657976	7.306632477553937
-1.3084823240643677	7.308924274333522
-1.3043263642932101	7.311204040628421
-1.300209798098378	7.313471902084243
-1.2961318856779385	7.315727982388467
-1.2920919078761983	7.317972403310919
-1.2880891654225246	7.320205284743212
-1.284122978204923	7.32242674473717
-1.2801926845764906	7.324636899542286
-1.2762976406929665	7.326835863642224
-1.2686108120266755	7.3290237497904
-1.2648178230095364	7.331200669044675
-1.2610576741362296	7.333366730801182
-1.2573298016169865	7.335522042827317
-1.2536336560570227	7.337666711293906
-1.2499687019706174	7.339800840806592
-1.2463344173155233	7.341924534436448
-1.2391558326883998	7.344037893749847
-1.2356105519237501	7.346141018837611
-1.232093978200913	7.3482340083434545
-1.2286056503550917	7.350316959491748
-1.2251451182455853	7.352389968114613
-1.2183056937152799	7.354453128678386
-1.2149259530638992	7.356506534309445
-1.2115723110563115	7.358550276819431
-1.208244367707384	7.360584446729884
-1.2049417321572984	7.362609133296298
-1.1984108649983405	7.364624424531624
-1.195181894868142	7.366630407229223
-1.1919767549929305	7.3686271669852985
-1.1887950962067415	7.370614788220812
-1.182500863109053	7.372593354202899
-1.1793876276849102	7.3745629470658045
-1.1762965507077683	7.376523647831332
-1.1701796258980863	7.378475536428854
-1.1671531712678984	7.380418691714856
-1.1641476611281734	7.382353191492056
-1.1581983286149722	7.384279112528095
-1.1552539479681907	7.386196530573816
-1.1494244043074668	7.388105520381147
-1.1465387160699787	7.390006155720581
-1.1436720754183756	7.3918985093982865
-1.137994942526685	7.3937826532728375
-1.1351839651928566	7.395658658271593
-1.1296160109539144	7.397526594406712
-1.1268585764087256	7.399386530790836
-1.1241185390426967	7.401238535652429
-1.1186897873312984	7.4030826763508
-1.1160006488205172	7.404919019390797
-1.1106718153154502	7.406747630437206
-1.108031719149242	7.408568574328831
-1.1027991922155649	7.410381915092299
-1.1002063816372853	7.412187715955562
-1.0950667419848743	7.4139860393611245
-1.0925195529709943	7.415776946979006
-1.0874695602343527	7.417560499719423
-1.0849664150805485	7.419336757745226
-1.0800029955489983	7.421105780484073
-1.0775423970013416	7.422867626640359
-1.0726626323832549	7.424622354206909
-1.0678370884939636	7.42637002047643
-1.0654442753780733	7.428110682052731
-1.0606978403536118	7.429844394861732
-1.0560027191452317	7.431571214162237
-1.0536740568266492	7.433291194556511
-1.049053859189904	7.435004390000631
-1.0444822961154205	7.436710853814649
-1.0422144346595985	7.438410638692543
-1.0377139334329222	7.440103796711988
-1.033259592006672	7.4417903793439235
-1.028850473101617	7.443470437461945
-1.0266625869534416	7.445144021351512
-1.0223196059426591	7.446811180718974
-1.0180196254499352	7.448471964700439
-1.0137618023073938	7.4501264218704515
-1.0095453179062304	7.451774600250524
-1.0074523284003867	7.453416547317501
-1.0032963686292289	7.4550523100117605
-0.9991798024343967	7.456681934745268
-0.9951018900139573	7.458305467409482
-0.9910619122122172	7.459922953383101
-0.9870591697585434	7.46153443753968
-0.9830929825409419	7.463139964255099
-0.9791626889125095	7.464739577414892
-0.9752676450289853	7.466333320421449
-0.9714072242157472	7.467921236201081
-0.9675808163626943	7.469503367210956
-0.9637878273455552	7.471079755445911
-0.9600276784722485	7.472650442445142
-0.9562998059530053	7.47421546929877
-0.9507673173530443	7.475774876654291
-0.9471177624150104	7.477328704722913
-0.9434986207882797	7.478876993285773
-0.939909389764836	7.480419781700054
-0.9363495789986157	7.481957108904983
-0.9310639825369319	7.4834890134277305
-0.9275756546911105	7.485015533389204
-0.9241151225816041	7.486536706509736
-0.918975482929193	7.488052570114686
-0.9155825400318536	7.489563161139924
-0.9122158992818963	7.491068516137242
-0.9072143720434027	7.492568671279649
-0.9039117364933171	7.4940636623666
-0.9006340267320811	7.495553524829112
-0.8957633833607401	7.497038293734803
-0.8925463724887424	7.49851800379285
-0.8877651005427603	7.499992689358856
-0.8830358942986996	7.501462384439632
-0.8799114600895506	7.502927122697906
-0.875266555043787	7.504386937456949
-0.8721973233161104	7.5058418617051235
-0.8676337666291558	7.507291928100356
-0.8631176654641921	7.508737168974537
-0.8586480430090387	7.5101776163378435
-0.8542239523042096	7.511613301882998
-0.8512993992868929	7.513044256989447
-0.8469491677693048	7.514470512727479
-0.8426420797543943	7.515892099862273
-0.8383772878859617	7.5173090488578795
-0.8341539695288754	7.518721389881137
-0.8299713258166996	7.520129152805528
-0.8258285807447443	7.521532367214966
-0.8217249803059671	7.5229310624075305
-0.8176597916673172	7.524325267399136
-0.8122980632952091	7.525715010927142
-0.8083197654131739	7.527100321453909
-0.8043775796591118	7.528481227170294
-0.8004708563263029	7.529857755999097
-0.795315965160066	7.531229935598445
-0.7914895573070131	7.532597793365126
-0.7864395645703716	7.5339613564378745
-0.7826902364039683	7.5353206517006
-0.7777409579753256	7.536675705785566
-0.774065665390273	7.538026545076525
-0.7692131625958609	7.539373195711796
-0.7656090383270356	7.5407156835873055
-0.7608495991110589	7.542054034359568
-0.7561417537481022	7.543388273448632
-0.7514843956354293	7.54471842604098
-0.7468764533950758	7.546044517092373
-0.7434523004514394	7.5473665713306675
-0.7389283586913933	7.5486846132585805
-0.7344510563366489	7.549998667156412
-0.7289185677366878	7.55130875708473
-0.7245427676763999	7.552614906887014
-0.7202106172220387	7.553917140192258
-0.7159212541379281	7.555215480417538
-0.7116738414870789	7.556509950770537
-0.7064223327364054	7.557800574252032
-0.7022663729652476	7.559087373658348
-0.6971267333128366	7.560370371583775
-0.6920472077835617	7.561649590422949
-0.6880259338506375	7.562925052373191
-0.6830511431210268	7.564196779436829
-0.6781326932485283	7.565464793423464
-0.673269322359825	7.566729115952223
-0.6684598105060442	7.567989768453968
-0.6637029778258869	7.56924677217347
-0.6589976828082672	7.5705001481715675
-0.6543428206480648	7.571749917327274
-0.6488220537382816	7.572996100339873
-0.6442744259875609	7.574238717730969
-0.6388793941008548	7.575477789846517
-0.6335505605957878	7.576713336858824
-0.6282863206034306	7.577945378768516
-0.6230851269176229	7.579173935406481
-0.6162457023873174	7.580399026435788
-0.6111859036179151	7.581620671353568
-0.6053563599571913	7.582838889492886
-0.5987884543365758	7.584053700024568
-0.5955413776635925	7.585265121959012
-0.5907158337743013	7.58647317414798
-0.5820058986347184	7.587677875286351
-0.575007268511802	7.588879243913859
-0.5711673276521292	7.590077298416806
-0.5620876698002109	7.591272057029749
-0.5568775621155337	7.592463537837168
-0.5488144793747374	7.5936517587751045
-0.5459191721053236	7.594836737632782
-0.5373472922219805	7.596018492054211
-0.527556019625952	7.597197039539754
-0.5220585477147344	7.598372397447688
-0.517304690438926	7.5995445829957395
-0.5072897697491926	7.600713613262591
-0.5020414341928471	7.601879505189381
-0.4910949596816156	7.603042275581173
-0.4872964414555223	7.604201941108412
-0.47917855123334285	7.605358518308354
-0.4681831669318797	7.606512023586486
-0.4610045823047563	7.6076624732179186
-0.45804817550409666	7.608809883348766
-0.4441310065925753	7.609954269997504
-0.43677470268025553	7.611095649056312
-0.43175390130520475	7.612234036292402
-0.42025961461469685	7.613369447349316
-0.418104302588562	7.614501897748224
-0.4069611328128746	7.615631402889194
-0.3966079731191955	7.616757978052449
-0.38900192088425484	7.617881638399605
-0.38152678828937625	7.6190023989749
-0.36886708415794484	7.620120274706401
-0.35984369214304146	7.621235280407193
-0.3542398146250429	7.62234743077656
-0.3500838548538852	7.62345674040115
-0.33075871877552	7.62456322375612
-0.32162449712623764	7.625666895206267
-0.31352254870389124	7.626767769007153
-0.31734147935672175	7.627865859306206
-0.2892861192768536	7.628961180143809
-0.2876909127748063	7.630053745454381
-0.27824079597896867	7.631143569067442
-0.26557377530119347	7.632230664708656
-0.2625578292786379	7.633315046000876
-0.24960390188037065	7.634396726465163
-0.24597265596024206	7.635475719521803
-0.23279501867904895	7.636552038491298
-0.22068725970949274	7.637625696595362
