0.0	109046.17915452976
0.0	218092.35830905952
0.0	327138.5374635893
0.0	436184.71661811904
0.0	545230.8957726487
0.0	654277.0749271786
0.0	763323.2540817083
0.0	872369.4332362381
0.0	981415.6123907679
0.0	1090461.7915452975
0.0	1199507.9706998272
0.0	1308554.1498543571
0.0	1417600.3290088868
0.0	1526646.5081634165
0.0	1635692.6873179462
0.0	1744738.8664724762
0.0	1853785.0456270059
0.0	1962831.2247815358
0.0	2071877.4039360653
0.0	2180923.583090595
0.0	2289969.762245125
0.0	2399015.9413996544
0.0	2508062.1205541845
0.0	2617108.2997087142
0.0	2726154.478863244
0.0	2835200.6580177736
0.0	2944246.8371723033
0.0	3053293.016326833
0.0	3162339.195481363
0.0	3271385.3746358925
0.0	3380431.5537904226
0.0	3489477.7329449523
0.0	3598523.9120994816
0.0	3707570.0912540117
0.0004733354370463869	3816616.2704085414
0.0004733354370463869	3925662.4495630716
0.0004733354370463869	4034708.6287176018
0.0004733354370463869	4143754.8078721305
0.0004733354370463869	4252800.987026661
0.0004733354370463869	4361847.16618119
0.0004733354370463869	4470893.34533572
0.0004733354370463869	4579939.52449025
0.0004733354370463869	4688985.7036447795
0.0009466708740927738	4798031.882799309
0.0009466708740927738	4907078.061953839
0.0009466708740927738	5016124.241108369
0.0009466708740927738	5125170.420262899
0.0009466708740927738	5234216.5994174285
0.0009466708740927738	5343262.778571958
0.0014200063111391608	5452308.957726488
0.0014200063111391608	5561355.136881018
0.0014200063111391608	5670401.316035547
0.0014200063111391608	5779447.495190077
0.0014200063111391608	5888493.674344607
0.0018933417481855476	5997539.853499136
0.0018933417481855476	6106586.032653666
0.0018933417481855476	6215632.211808196
0.0018933417481855476	6324678.390962726
0.0023666771852319346	6433724.570117256
0.0023666771852319346	6542770.749271785
0.0023666771852319346	6651816.928426315
0.0023666771852319346	6760863.107580845
0.0028400126222783216	6869909.286735375
0.0028400126222783216	6978955.465889905
0.0028400126222783216	7088001.645044434
0.003313348059324708	7197047.824198963
0.003313348059324708	7306094.003353494
0.003313348059324708	7415140.182508023
0.003786683496371095	7524186.361662554
0.003786683496371095	7633232.540817083
0.003786683496371095	7742278.719971612
0.004260018933417482	7851324.899126143
0.004260018933417482	7960371.078280672
0.004733354370463869	8069417.2574352035
0.004733354370463869	8178463.436589732
0.004733354370463869	8287509.615744261
0.005206689807510256	8396555.794898791
0.005206689807510256	8505601.974053321
0.005680025244556643	8614648.153207852
0.005680025244556643	8723694.33236238
0.00615336068160303	8832740.51151691
0.00615336068160303	8941786.69067144
0.006626696118649416	9050832.86982597
0.006626696118649416	9159879.0489805
0.007100031555695803	9268925.228135029
0.007100031555695803	9377971.407289559
0.00757336699274219	9487017.58644409
0.00757336699274219	9596063.765598617
0.008046702429788577	9705109.94475315
0.008046702429788577	9814156.123907678
0.008520037866834964	9923202.303062208
0.008993373303881351	10032248.482216738
0.008993373303881351	10141294.661371266
0.009466708740927738	10250340.840525798
0.009466708740927738	10359387.019680327
0.009940044177974125	10468433.198834857
0.010413379615020512	10577479.377989387
0.010413379615020512	10686525.557143915
0.0108867150520669	10795571.736298447
0.0108867150520669	10904617.915452976
0.011360050489113286	11013664.094607506
0.011833385926159673	11122710.273762036
0.01230672136320606	11231756.452916564
0.01230672136320606	11340802.632071095
0.012780056800252447	11449848.811225623
0.013253392237298833	11558894.990380155
0.013253392237298833	11667941.169534685
0.01372672767434522	11776987.348689213
0.014200063111391607	11886033.527843744
0.014200063111391607	11995079.706998272
0.014673398548437994	12104125.886152804
0.01514673398548438	12213172.065307332
0.015620069422530768	12322218.244461862
0.015620069422530768	12431264.423616393
0.016093404859577155	12540310.60277092
0.01656674029662354	12649356.781925453
0.01704007573366993	12758402.961079981
0.01704007573366993	12867449.140234511
0.017513411170716316	12976495.319389042
0.017986746607762703	13085541.49854357
0.01846008204480909	13194587.677698102
0.018933417481855477	13303633.85685263
0.018933417481855477	13412680.03600716
0.019406752918901864	13521726.21516169
0.01988008835594825	13630772.394316219
0.020353423792994638	13739818.57347075
0.020826759230041025	13848864.75262528
0.02130009466708741	13957910.93177981
0.02130009466708741	14066957.11093434
0.0217734301041338	14176003.290088868
0.022246765541180186	14285049.469243398
0.022720100978226573	14394095.648397926
0.02319343641527296	14503141.827552458
0.023666771852319347	14612188.006706988
0.023666771852319347	14721234.185861517
0.024140107289365734	14830280.365016047
0.02461344272641212	14939326.544170575
0.025086778163458508	15048372.723325107
0.025560113600504895	15157418.902479637
0.026033449037551278	15266465.081634166
0.026506784474597665	15375511.260788696
0.026506784474597665	15484557.439943224
0.026980119911644052	15593603.619097756
0.02745345534869044	15702649.798252286
0.027926790785736826	15811695.977406815
0.028400126222783213	15920742.156561345
0.0288734616598296	16029788.335715875
0.0288734616598296	16138834.514870407
0.029346797096875987	16247880.694024932
0.029820132533922374	16356926.873179464
0.03029346797096876	16465973.052333994
0.030766803408015148	16575019.231488522
0.031240138845061535	16684065.410643054
0.031713474282107926	16793111.589797582
0.03218680971915431	16902157.768952113
0.0326601451562007	17011203.948106643
0.0326601451562007	17120250.127261173
0.03313348059324708	17229296.306415703
0.033606816030293474	17338342.48557023
0.03408015146733986	17447388.66472476
0.03455348690438624	17556434.843879294
0.03502682234143263	17665481.02303382
0.035500157778479015	17774527.20218835
0.035973493215525405	17883573.38134288
0.035973493215525405	17992619.56049741
0.03644682865257179	18101665.73965194
0.03692016408961818	18210711.91880647
0.03739349952666456	18319758.097961
0.03786683496371095	18428804.277115528
0.03834017040075734	18537850.456270058
0.03881350583780373	18646896.63542459
0.03928684127485011	18755942.814579118
0.0397601767118965	18864988.99373365
0.0397601767118965	18974035.17288818
0.040233512148942885	19083081.35204271
0.040706847585989275	19192127.531197235
0.04118018302303566	19301173.710351765
0.04165351846008205	19410219.8895063
0.04212685389712843	19519266.068660825
0.04260018933417482	19628312.247815356
0.04307352477122121	19737358.426969886
0.0435468602082676	19846404.606124416
0.04402019564531398	19955450.785278946
0.04449353108236037	20064496.964433476
0.044966866519406755	20173543.143588006
0.044966866519406755	20282589.322742533
0.045440201956453145	20391635.501897063
0.04591353739349953	20500681.681051597
0.04638687283054592	20609727.860206123
0.0468602082675923	20718774.039360654
0.04733354370463869	20827820.218515184
0.04780687914168508	20936866.397669714
0.04828021457873147	21045912.576824244
0.04875355001577785	21154958.755978774
0.04922688545282424	21264004.935133304
0.049700220889870625	21373051.11428783
0.050173556326917015	21482097.29344236
0.0506468917639634	21591143.472596895
0.05112022720100979	21700189.65175142
0.05159356263805617	21809235.83090595
0.052066898075102556	21918282.01006048
0.05254023351214895	22027328.189215012
0.05301356894919533	22136374.36836954
0.05348690438624172	22245420.547524072
0.053960239823288104	22354466.726678602
0.054433575260334495	22463512.90583313
0.05490691069738088	22572559.08498766
0.05538024613442727	22681605.26414219
0.05585358157147365	22790651.44329672
0.05632691700852004	22899697.622451246
0.056800252445566426	23008743.80160578
0.05727358788261282	23117789.98076031
0.0577469233196592	23226836.159914836
0.058693594193751975	23335882.33906937
0.059166929630798365	23444928.5182239
0.05964026506784475	23553974.697378427
0.06011360050489114	23663020.876532957
0.06058693594193752	23772067.055687487
0.06106027137898391	23881113.234842017
0.061533606816030297	23990159.413996544
0.06200694225307669	24099205.593151078
0.06295361312716946	24208251.772305608
0.06342694856421585	24317297.951460134
0.06390028400126223	24426344.130614664
0.06437361943830862	24535390.3097692
0.06484695487535501	24644436.488923725
0.0653202903124014	24753482.668078255
0.06626696118649417	24862528.847232785
0.06674029662354056	24971575.026387315
0.06721363206058695	25080621.20554184
0.06768696749763332	25189667.384696376
0.0686336383717261	25298713.563850906
0.06910697380877248	25407759.743005432
0.06958030924581887	25516805.922159962
0.07005364468286526	25625852.101314493
0.07100031555695803	25734898.280469023
0.07147365099400442	25843944.45962355
0.07194698643105081	25952990.638778083
0.0724203218680972	26062036.817932613
0.07336699274218997	26171082.99708714
0.07384032817923636	26280129.176241674
0.07431366361628275	26389175.355396204
0.07526033449037552	26498221.53455073
0.0757336699274219	26607267.71370526
0.07668034080151467	26716313.89285979
0.07715367623856106	26825360.07201432
0.07762701167560745	26934406.251168847
0.07857368254970022	27043452.43032338
0.07904701798674661	27152498.60947791
0.0799936888608394	27261544.788632438
0.08046702429788577	27370590.96778697
0.08141369517197855	27479637.1469415
0.08188703060902494	27588683.326096028
0.08283370148311771	27697729.50525056
0.0833070369201641	27806775.68440509
0.08425370779425687	27915821.86355962
0.08472704323130326	28024868.042714145
0.08567371410539602	28133914.22186868
0.08614704954244241	28242960.40102321
0.0870937204165352	28352006.580177736
0.08756705585358157	28461052.759332266
0.08851372672767435	28570098.938486796
0.08946039760176712	28679145.117641326
0.08993373303881351	28788191.296795852
0.09088040391290629	28897237.475950386
0.09135373934995267	29006283.655104917
0.09230041022404545	29115329.834259443
0.09324708109813822	29224376.013413977
0.0937204165351846	29333422.192568507
0.09466708740927739	29442468.371723033
0.09561375828337015	29551514.550877564
0.09656042915746293	29660560.730032094
0.09703376459450931	29769606.909186624
0.09798043546860209	29878653.08834115
0.09892710634269486	29987699.267495684
0.09987377721678764	30096745.446650214
0.10082044809088041	30205791.62580474
0.1012937835279268	30314837.804959275
0.10224045440201958	30423883.984113805
0.10318712527611235	30532930.16326833
0.10413379615020511	30641976.34242286
0.1050804670242979	30751022.52157739
0.10602713789839066	30860068.700731922
0.10697380877248344	30969114.87988645
0.10792047964657621	31078161.059040982
0.10886715052066899	31187207.238195512
0.10981382139476176	31296253.41735004
0.11076049226885454	31405299.596504573
0.1117071631429473	31514345.7756591
0.11265383401704009	31623391.95481363
0.11360050489113285	31732438.13396816
0.11502051120227202	31841484.31312269
0.11596718207636479	31950530.49227722
0.11691385295045757	32059576.67143175
0.11786052382455034	32168622.85058628
0.11880719469864312	32277669.029740814
0.12022720100978228	32386715.20889534
0.12117387188387505	32495761.388049863
0.12212054275796783	32604807.567204397
0.12354054906910698	32713853.746358927
0.12448721994319975	32822899.925513454
0.12543389081729253	32931946.104667988
0.1268538971284317	33040992.283822518
0.12780056800252446	33150038.462977044
0.12922057431366363	33259084.642131574
0.1301672451877564	33368130.82128611
0.13158725149889555	33477177.000440635
0.13253392237298833	33586223.179595165
0.1339539286841275	33695269.358749695
0.13490059955822026	33804315.537904225
0.13632060586935943	33913361.717058755
0.1377406121804986	34022407.896213286
0.13868728305459135	34131454.075367816
0.14010728936573053	34240500.254522346
0.1415272956768697	34349546.433676876
0.14294730198800884	34458592.61283141
0.14389397286210162	34567638.79198594
0.1453139791732408	34676684.97114046
0.14673398548437994	34785731.150295
0.1481539917955191	34894777.32944952
0.14957399810665825	35003823.50860405
0.15099400441779742	35112869.68775859
0.1524140107289366	35221915.86691311
0.15430735247712213	35330962.04606764
0.1557273587882613	35440008.22522217
0.15714736509940044	35549054.4043767
0.15856737141053961	35658100.58353123
0.16046071315872515	35767146.76268576
0.16188071946986432	35876192.94184029
0.1633007257810035	35985239.12099482
0.16519406752918903	36094285.30014935
0.1666140738403282	36203331.47930388
0.16850741558851373	36312377.65845841
0.1699274218996529	36421423.83761294
0.17182076364783844	36530470.016767465
0.1732407699589776	36639516.195922
0.17513411170716314	36748562.375076525
0.1770274534553487	36857608.554231055
0.17892079520353424	36966654.73338559
0.1803408015146734	37075700.912540115
0.18223414326285897	37184747.091694646
0.1841274850110445	37293793.27084918
0.18602082675923007	37402839.450003706
0.1879141685074156	37511885.629158236
0.19028084569264753	37620931.808312766
0.1921741874408331	37729977.9874673
0.19406752918901862	37839024.16662183
0.19643420637425058	37948070.34577636
0.1983275481224361	38057116.52493089
0.20069422530766806	38166162.70408542
0.2025875670558536	38275208.88323995
0.20495424424108552	38384255.06239447
0.20732092142631747	38493301.24154901
0.2096875986115494	38602347.42070353
0.21205427579678132	38711393.59985806
0.21394761754496688	38820439.7790126
0.2167876301672452	38929485.95816712
0.21962764278952351	39038532.13732165
0.22199431997475547	39147578.31647619
0.22483433259703378	39256624.49563071
0.2276743452193121	39365670.67478524
0.2314610287156832	39474716.85393977
0.23288103502682236	39583763.0330943
0.23666771852319346	39692809.21224883
0.23903439570842538	39801855.39140336
0.24329441464184287	39910901.57055789
0.24660776270116758	40019947.74971242
0.2489744398863995	40128993.92886695
0.2527611233827706	40238040.10802148
0.25607447144209533	40347086.28717601
0.26270116756074474	40456132.46633054
0.2641211738718839	40565178.645485066
0.2688545282423478	40674224.8246396
0.27358788261281164	40783271.003794126
0.2750078889239508	40892317.18294866
0.2806879141685074	41001363.362103194
0.2854212685389713	41110409.54125772
0.2906279583464816	41219455.72041225
0.2925213000946671	41328501.89956678
0.2996213316503629	41437548.07872131
0.30435468602082677	41546594.25787584
0.3109813821394762	41655640.43703037
0.3142947301988009	41764686.6161849
0.3185547491322184	41873732.79533943
0.3251814452508678	41982778.97449396
0.32612811612496057	42091825.15364849
0.3360681603029347	42200871.33280302
0.34222152098453773	42309917.51195755
0.3469548753550016	42418963.69111207
0.3497948879772799	42528009.87026661
0.3573682549700221	42637056.04942113
0.36730829914799623	42746102.22857566
0.37204165351846014	42855148.4077302
0.37866834963710955	42964194.58688472
0.38056169138529505	43073240.76603925
0.38908172925213	43182286.94519379
0.3985484379930578	43291333.12434831
0.40659514042284634	43400379.30350284
0.41464184285263495	43509425.48265737
0.41653518460082045	43618471.6618119
0.42126853897128436	43727517.84096644
0.42742189965288735	43836564.02012096
0.4378352792679079	43945610.19927549
0.4435153045124645	44054656.378430024
