0.0	34980.82473868532
0.0	69961.64947737064
0.0	104942.47421605595
0.0	139923.29895474127
0.0	174904.1236934266
0.0	209884.9484321119
0.0	244865.7731707972
0.0	279846.59790948255
0.0	314827.4226481679
0.0	349808.2473868532
0.0	384789.0721255385
0.0	419769.8968642238
0.0	454750.72160290915
0.0	489731.5463415944
0.0	524712.3710802798
0.0	559693.1958189651
0.0	594674.0205576505
0.0	629654.8452963358
0.0	664635.670035021
0.0	699616.4947737064
0.0	734597.3195123917
0.0009032063826584374	769578.144251077
0.0009032063826584374	804558.9689897624
0.0009032063826584374	839539.7937284476
0.0009032063826584374	874520.6184671329
0.0009032063826584374	909501.4432058183
0.0009032063826584374	944482.2679445036
0.0018064127653168748	979463.0926831889
0.0018064127653168748	1014443.9174218742
0.0018064127653168748	1049424.7421605596
0.0027096191479753125	1084405.566899245
0.0027096191479753125	1119386.3916379302
0.0027096191479753125	1154367.2163766155
0.0027096191479753125	1189348.041115301
0.0036128255306337497	1224328.8658539862
0.0036128255306337497	1259309.6905926715
0.004516031913292187	1294290.5153313568
0.004516031913292187	1329271.340070042
0.005419238295950625	1364252.1648087276
0.005419238295950625	1399232.9895474128
0.005419238295950625	1434213.8142860981
0.006322444678609062	1469194.6390247834
0.006322444678609062	1504175.4637634687
0.007225651061267499	1539156.288502154
0.008128857443925937	1574137.1132408394
0.008128857443925937	1609117.9379795247
0.009032063826584374	1644098.76271821
0.009032063826584374	1679079.5874568953
0.009935270209242812	1714060.4121955805
0.01083847659190125	1749041.2369342658
0.01083847659190125	1784022.0616729516
0.011741682974559686	1819002.8864116366
0.012644889357218124	1853983.7111503219
0.013548095739876562	1888964.5358890072
0.013548095739876562	1923945.3606276924
0.014451302122534999	1958926.1853663777
0.015354508505193437	1993907.0101050632
0.016257714887851875	2028887.8348437485
0.01716092127051031	2063868.6595824338
0.018064127653168748	2098849.4843211193
0.018967334035827187	2133830.3090598043
0.019870540418485624	2168811.13379849
0.019870540418485624	2203791.9585371753
0.02077374680114406	2238772.7832758604
0.0216769531838025	2273753.608014546
0.022580159566460936	2308734.432753231
0.023483365949119372	2343715.2574919164
0.024386572331777812	2378696.082230602
0.026192985097094685	2413676.906969287
0.027096191479753125	2448657.7317079725
0.02799939786241156	2483638.5564466575
0.028902604245069997	2518619.381185343
0.029805810627728437	2553600.2059240285
0.030709017010386874	2588581.0306627136
0.03161222339304531	2623561.855401399
0.03251542977570375	2658542.680140084
0.03432184254102062	2693523.5048787696
0.03522504892367906	2728504.329617455
0.036128255306337495	2763485.15435614
0.03703146168899594	2798465.9790948257
0.03883787445431281	2833446.8038335107
0.03974108083697125	2868427.6285721962
0.040644287219629684	2903408.4533108817
0.04154749360228812	2938389.278049567
0.043353906367605	2973370.1027882523
0.044257112750263436	3008350.9275269373
0.04606352551558031	3043331.752265623
0.046966731898238745	3078312.577004308
0.04786993828089719	3113293.4017429934
0.04967635104621406	3148274.226481679
0.0505795574288725	3183255.051220364
0.05238597019418937	3218235.8759590494
0.05328917657684781	3253216.7006977345
0.055095589342164686	3288197.52543642
0.05599879572482312	3323178.3501751055
0.057805208490139995	3358159.1749137905
0.05870841487279843	3393139.999652476
0.06051482763811531	3428120.824391161
0.06141803402077375	3463101.6491298466
0.06322444678609063	3498082.4738685316
0.06412765316874906	3533063.298607217
0.06593406593406594	3568044.123345903
0.06774047869938281	3603024.9480845877
0.06954689146469968	3638005.772823273
0.07045009784735812	3672986.5975619582
0.07225651061267499	3707967.4223006438
0.07406292337799188	3742948.2470393297
0.07586933614330875	3777929.0717780143
0.07677254252596719	3812909.8965167
0.07857895529128406	3847890.721255385
0.08038536805660093	3882871.5459940704
0.0821917808219178	3917852.3707327554
0.08399819358723468	3952833.195471441
0.08580460635255156	3987814.0202101264
0.08761101911786844	4022794.8449488115
0.08941743188318531	4057775.669687497
0.09122384464850218	4092756.494426182
0.09303025741381905	4127737.3191648675
0.09483667017913593	4162718.1439035535
0.09664308294445281	4197698.9686422385
0.09844949570976969	4232679.793380924
0.10025590847508656	4267660.618119609
0.10296552762306187	4302641.442858295
0.10477194038837874	4337622.26759698
0.10657835315369563	4372603.092335665
0.10928797230167094	4407583.917074351
0.11109438506698781	4442564.741813036
0.11290079783230468	4477545.566551721
0.11561041698027999	4512526.391290407
0.11741682974559686	4547507.216029092
0.12012644889357219	4582488.040767777
0.12193286165888906	4617468.865506462
0.12464248080686437	4652449.690245148
0.12735209995483968	4687430.514983833
0.12915851272015655	4722411.339722518
0.13186813186813187	4757392.164461204
0.13457775101610717	4792372.989199889
0.1372873701640825	4827353.813938574
0.1399969893120578	4862334.63867726
0.1427066084600331	4897315.463415945
0.14541622760800843	4932296.28815463
0.14812584675598375	4967277.112893315
0.15083546590395905	5002257.937632001
0.15354508505193437	5037238.762370686
0.15625470419990967	5072219.587109371
0.15986752973054344	5107200.411848057
0.16257714887851873	5142181.236586742
0.16528676802649406	5177162.061325427
0.1688995935571278	5212142.886064112
0.17160921270510313	5247123.710802798
0.17522203823573687	5282104.535541483
0.17883486376637062	5317085.360280168
0.18244768929700436	5352066.185018854
0.18515730844497968	5387047.009757539
0.18877013397561343	5422027.834496224
0.19238295950624718	5457008.65923491
0.19689899141953937	5491989.483973595
0.20051181695017312	5526970.30871228
0.2050278488634653	5561951.133450965
0.20864067439409906	5596931.958189651
0.21315670630739125	5631912.782928336
0.21767273822068342	5666893.607667021
0.22218877013397562	5701874.432405707
0.22580159566460936	5736855.2571443925
0.23122083396055998	5771836.0818830775
0.23573686587385217	5806816.9066217635
0.2411561041698028	5841797.7313604485
0.245672136083095	5876778.556099134
0.25199458076170406	5911759.380837819
0.25741381905765465	5946740.205576505
0.26373626373626374	5981721.03031519
0.26915550203221433	6016701.855053875
0.2763811530934819	6051682.679792561
0.2827035977720909	6086663.504531246
0.2899292488333584	6121644.329269931
0.29805810627728435	6156625.154008616
0.30528375733855184	6191605.978747302
0.3134126147824778	6226586.803485987
0.3206382658437453	6261567.628224672
0.3305735360529881	6296548.452963358
0.3377991871142556	6331529.277702043
0.34683125094084	6366510.102440728
0.3540569020021075	6401490.927179414
0.36037934668071653	6436471.751918099
0.37031461688995937	6471452.576656784
0.38657233177781125	6506433.401395469
0.38747553816046965	6541414.226134155
0.39921722113502933	6576395.05087284
0.410958904109589	6611375.875611525
0.41818455517085656	6646356.700350211
0.42811982538009935	6681337.525088896
0.43263585729339155	6716318.349827581
0.4488935721812434	6751299.174566267
0.4534096040945356	6786279.999304952
0.4651512870690953	6821260.824043637
0.48140900195694714	6856241.648782322
0.4904410657835315	6891222.473521008
0.49405389131416527	6926203.298259693
0.5039891615234081	6961184.122998378
0.5157308444979678	6996164.947737063
0.5274725274725275	7031145.772475749
0.5374077976817703	7066126.597214434
0.54914948065633	7101107.421953119
0.557278338100256	7136088.246691806
0.5626975763962065	7171069.07143049
0.5636007827788649	7206049.896169175
0.5879873551106428	7241030.72090786
