-2.910891088644528	5.587691833314341
-2.910891088644528	5.615720556914584
-2.910891088644528	5.642049495636933
-2.910891088644528	5.666873079361966
-2.910891088644528	5.690354175211489
-2.6098610929805472	5.712630569922641
-2.6098610929805472	5.733819868992579
-2.6098610929805472	5.754023255080866
-2.433769833924866	5.773328410276252
-2.433769833924866	5.791811815970266
-2.308831097316566	5.809540582930698
-2.308831097316566	5.8265739222294775
-2.2119210843085093	5.842964338417647
-2.2119210843085093	5.858758605600879
-2.1327398382608846	5.873998572157616
-2.0657930486302716	5.888721828978322
-2.0078011016525847	5.902962268092932
-2.0078011016525847	5.9167505525785655
-1.9566485792052033	5.930114514136547
-1.9108910886445283	5.943079491300915
-1.8694984034863031	5.955668618608935
-1.8317098425969034	5.967903075025947
-1.7969477363376913	5.979802298325655
-1.76476305296629	5.99138417087547
-1.734799829588847	6.002665181285159
-1.7067711059886035	6.013660565586622
-1.6804421672662544	6.024384430978396
-1.655618583541222	6.03484986465656
-1.6321374876916992	6.045069029838246
-1.609861092980547	6.055053250744847
-1.588671793910609	6.064813088034003
-1.5491632526269352	6.074358405940234
-1.5306798469329221	6.083698432194377
-1.5129510799724906	6.092841811634247
-1.4959177406737103	6.101796654287173
-1.463733057302309	6.110570578594679
-1.4484930907455722	6.119170750356596
-1.4195293948102554	6.127603917893459
-1.4057411103246222	6.135876443859448
-1.3923771487666408	6.143994334081628
-1.3668230442942526	6.151963263752903
-1.354588587877241	6.15978860126486
-1.331107492027718	6.167475429931152
-1.319826481618029	6.175028567821597
-1.2981072319247926	6.182452585900804
-1.2876417982466277	6.189751824642303
-1.2674384121583406	6.196930409269426
-1.2576785748691846	6.203992263756914
-1.2387932307088108	6.210941123712241
-1.2206950086160144	6.217780548242547
-1.2119210843085093	6.224513930901515
-1.194887745009729	6.2311445098005285
-1.1784973288215597	6.237675376959486
-1.1627030616383278	6.244109486964896
-1.147463095081591	6.250449664995915
-1.140039077002384	6.256698614272916
-1.1255612536337611	6.262858922977735
-1.1115505391909466	6.268933070689928
-1.0979777320016726	6.274923434379116
-1.0848162859437018	6.280832293989636
-1.0720419979072728	6.286661837650359
-1.0596327399254528	6.2924141665394515
-1.041659368913552	6.2980912994311415
-1.030077496363737	6.30369517694914
-1.0187964859540477	6.309227665549101
-1.0078011016525845	6.314690561250603
-0.9970772362608115	6.32008559313731
-0.9814721629302354	6.325414426642377
-0.9713718360259096	6.330678666634734
-0.9615010819996154	6.335879860320541
-0.9471032612989729	6.341019499972952
-0.9331674833556804	6.346099025502228
-0.9241193543782833	6.351119826877278
-0.9108910886445282	6.356083246408828
-0.8980538639393559	6.3609905809035725
-0.8897017895745901	6.3658430836979845
-0.8774673331575785	6.370641966579753
-0.8616730659743466	6.375388401604215
-0.8539862373080556	6.380083522812595
-0.8390090813384028	6.3847284278583585
-0.828105718328078	6.389324179547508
-0.8174694034822931	6.393871807298228
-0.8036811189966598	6.3983723085249045
-0.7870394476774424	6.402826649951154
-0.7773521802743107	6.40723576885621
-0.7647630529662901	6.41160057425866
-0.7495230864095533	6.415921948041302
-0.7377048202322541	6.420200746020577
-0.7261996578269294	6.424437798963832
-0.7122340016901055	6.42863391355744
-0.7013760741018973	6.4327898733285975
-0.6855818069186653	6.43690643952343
-0.6778949782523744	6.44098435194387
-0.6653784208303783	6.44502432974561
-0.6556185835412222	6.449027072199283
-0.6437193602415143	6.452993259416885
-0.6275898599409786	6.456923553045317
-0.6208564772820102	6.460818596928841
-0.6142258983829971	6.464679017742079
-0.5970238682753748	6.468505425595132
-0.5866086333468354	6.472298414612271
-0.5764373374935974	6.476058563485578
-0.5744313547959987	6.479786436004821
-0.5664988149594176	6.483482581564785
-0.5529562416440743	6.48714753565119
-0.5472791087523838	6.490781820306284
-0.5416752312343853	6.49438594457511
-0.5343141315880162	6.497960404933408
-0.5270757226640969	6.501505685698057
-0.5164394078183119	6.505022259420895
-0.5077705674687103	6.508510587266716
-0.4959177406737102	6.511971119376223
-0.4892871617746971	6.5154042952146165
-0.47792179777012245	6.518810543906528
-0.46373305730230896	6.522190284557909
-0.45452505551548517	6.525543926565496
-0.4469980996586209	6.528871869914424
-0.43376983392486573	6.53217450546451
-0.4195293948102555	6.535452215225746
-0.40574111032462223	6.538705372623467
-0.39767348857658924	6.541934342753666
-0.38455181125468413	6.545139482628877
-0.37559696860175773	6.548321141415067
-0.35944109067165303	6.551479660659896
-0.3485982241880535	6.554615374512755
-0.33570324371686716	6.557728609936897
-0.31982648161802896	6.56081968691404
-0.314293993018068	6.563888918641716
-0.2949410369881271	6.566936611723722
-0.2855786376828543	6.5699630663539095
-0.2774226330649417	6.5729685764936345
-0.2644873624214586	6.575953430043096
-0.25575265383314605	6.578917909006836
-0.2547928866316963	6.581862289653617
-0.250025610640659	6.584786842670934
-0.2323727096044143	6.587691833314341
-0.23146319203240934	6.590577521551829
-0.2296498512689409	6.593444162203432
-0.21892598587716786	6.596292005076259
