-2.7478432119965	5.3056688478369605
-2.7478432119965	5.347061532995186
-2.7478432119965	5.384850093884586
-2.4468132163325187	5.419612200143797
-2.4468132163325187	5.451796883515199
-2.270721957276838	5.481760106892642
-2.145783220668538	5.5097888304928855
-2.048873207660481	5.536117769215235
-1.9696919616128565	5.560941352940267
-1.9027451719822432	5.584422448789789
-1.8447532250045566	5.606698843500942
-1.7936007025571752	5.62788814257088
-1.7478432119965002	5.648091528659167
-1.6686619659488753	5.6673966838545535
-1.6338998596896632	5.685880089548567
-1.5717519529408188	5.703608856508998
-1.5437232293405754	5.720642195807779
-1.4925707068931942	5.737032611995947
-1.446813216332519	5.75282687917918
-1.4054205311742938	5.768066845735917
-1.367631970284894	5.782790102556623
-1.3328698640256822	5.7970305416712336
-1.300685180654281	5.810818826156867
-1.2707219572768376	5.8241827877148475
-1.2426932336765941	5.837147764879216
-1.216364294954245	5.849736892187236
-1.1796414879295052	5.861971348604248
-1.1457832206685377	5.8738705719039555
-1.1245939215985996	5.885452444453771
-1.0946306982211564	5.89673345486346
-1.0666019746209128	5.907728839164923
-1.0488732076604812	5.918452704556696
-1.023567342395711	5.928918138234861
-0.9996551849902997	5.939137303416547
-0.9769912003543559	5.949121524323148
-0.9554515224982463	5.958881361612304
-0.9349298553536446	5.968426679518535
-0.9153342992902638	5.977766705772678
-0.8965848632774249	5.986910085212548
-0.8786114922655239	5.995864927865474
-0.8557486093060197	6.004638852172979
-0.8393581931178503	6.013239023934897
-0.8235639259346184	6.02167219147176
-0.8033605398463315	6.02994471743775
-0.7888018196754065	6.038062607659929
-0.7701196067076523	6.046031537331205
-0.7522080173989503	6.053856874843161
-0.7350059872913279	6.061543703509452
-0.7184594343112904	6.069096841399897
-0.7025202332098427	6.076520859479104
-0.6833852227695816	6.083820098220604
-0.66505784168005	6.090998682847728
-0.6509331989884437	6.098060537335215
-0.6305719163407358	6.105009397290543
-0.6143043036262826	6.111848821820848
-0.5986240993411202	6.118582204479816
-0.5805258772483239	6.125212783378829
-0.5603224911600371	6.131743650537787
-0.5464460876760486	6.138177760543197
-0.5277351239564451	6.144517938574216
-0.5148471016043463	6.150766887851217
-0.4974232096876061	6.156927196556036
-0.4830253889869636	6.1630013442682285
-0.4645419832929505	6.168991707957416
-0.45558714064002404	6.174900567567937
-0.43397599162734674	6.180730111228661
-0.4215073510677487	6.186482440117752
-0.4113834781479706	6.192159573009443
-0.3975951936623373	6.197763450527441
-0.3804872909704812	6.203295939127402
-0.3712662549399881	6.208758834828904
-0.35867712763196763	6.21415386671561
-0.3447226908206822	6.219482700220677
-0.33454344791524826	6.224746940213034
-0.3213319506319249	6.2299481338988425
-0.31168056495574403	6.235087773551253
-0.2991368920914202	6.240167299080528
-0.29147717886745705	6.245188100455579
-0.2809755916423906	6.250151519987129
-0.2678362690393495	6.255058854481874
-0.2564815181622274	6.259911357276286
-0.24678394977874862	6.264710240158054
-0.23595985101762568	6.269456675182516
-0.21892651171884542	6.274151796390895
-0.21254909195372965	6.278796701436659
-0.20377516764622447	6.283392453125808
-0.1903360100908422	6.287940080876529
-0.18674182834744416	6.292440582103206
-0.16920400202842775	6.296894923529456
-0.1601322469775887	6.30130404243451
-0.14796013992281226	6.3056688478369605
-0.14038818878183154	6.3099902216196035
