0.0	82274.98018374189
0.0	164549.96036748379
0.0	246824.9405512257
0.0	329099.92073496757
0.0	411374.9009187095
0.0	493649.8811024514
0.0	575924.8612861932
0.0	658199.8414699351
0.0	740474.8216536772
0.0	822749.801837419
0.0	905024.7820211608
0.0	987299.7622049028
0.0	1069574.7423886447
0.0	1151849.7225723865
0.0	1234124.7027561285
0.0	1316399.6829398703
0.0	1398674.6631236123
0.0	1480949.6433073543
0.0	1563224.623491096
0.0	1645499.603674838
0.0	1727774.5838585799
0.0	1810049.5640423216
0.0	1892324.5442260636
0.0	1974599.5244098057
0.0	2056874.5045935472
0.0	2139149.4847772894
0.0	2221424.464961031
0.0	2303699.445144773
0.0	2385974.425328515
0.0	2468249.405512257
0.0	2550524.385695999
0.0	2632799.3658797406
0.0004997085033730324	2715074.3460634826
0.0004997085033730324	2797349.3262472246
0.0004997085033730324	2879624.3064309666
0.0004997085033730324	2961899.2866147086
0.0004997085033730324	3044174.26679845
0.0004997085033730324	3126449.246982192
0.0004997085033730324	3208724.227165934
0.0004997085033730324	3290999.207349676
0.0004997085033730324	3373274.1875334177
0.0009994170067460647	3455549.1677171597
0.0009994170067460647	3537824.1479009017
0.0009994170067460647	3620099.1280846433
0.0009994170067460647	3702374.1082683853
0.0009994170067460647	3784649.0884521273
0.0009994170067460647	3866924.0686358693
0.0014991255101190972	3949199.0488196113
0.0014991255101190972	4031474.029003353
0.0014991255101190972	4113749.0091870944
0.0014991255101190972	4196023.989370837
0.0019988340134921294	4278298.969554579
0.0019988340134921294	4360573.949738321
0.0019988340134921294	4442848.929922062
0.0019988340134921294	4525123.910105804
0.002498542516865162	4607398.890289546
0.002498542516865162	4689673.870473289
0.002498542516865162	4771948.85065703
0.002498542516865162	4854223.830840772
0.0029982510202381943	4936498.811024514
0.0029982510202381943	5018773.791208255
0.0029982510202381943	5101048.771391998
0.003497959523611227	5183323.75157574
0.003497959523611227	5265598.731759481
0.003997668026984259	5347873.711943223
0.003997668026984259	5430148.692126965
0.003997668026984259	5512423.672310708
0.004497376530357292	5594698.652494449
0.004497376530357292	5676973.632678191
0.004997085033730324	5759248.612861933
0.004997085033730324	5841523.593045674
0.004997085033730324	5923798.573229417
0.005496793537103356	6006073.553413159
0.005496793537103356	6088348.5335969
0.005996502040476389	6170623.513780642
0.005996502040476389	6252898.493964384
0.006496210543849421	6335173.474148125
0.006496210543849421	6417448.454331868
0.006995919047222454	6499723.43451561
0.007495627550595486	6581998.414699352
0.007495627550595486	6664273.394883093
0.007995336053968518	6746548.375066835
0.007995336053968518	6828823.355250578
0.008495044557341552	6911098.335434319
0.008495044557341552	6993373.315618061
0.008994753060714584	7075648.2958018035
0.009494461564087616	7157923.275985545
0.009494461564087616	7240198.256169287
0.009994170067460648	7322473.2363530295
0.01049387857083368	7404748.216536771
0.01049387857083368	7487023.196720513
0.010993587074206713	7569298.176904255
0.011493295577579745	7651573.157087997
0.011993004080952777	7733848.137271739
0.011993004080952777	7816123.117455481
0.01249271258432581	7898398.097639223
0.012992421087698842	7980673.077822964
0.012992421087698842	8062948.058006706
0.013492129591071874	8145223.038190449
0.013991838094444908	8227498.018374189
0.01449154659781794	8309772.998557932
0.014991255101190972	8392047.978741674
0.014991255101190972	8474322.958925415
0.015490963604564005	8556597.939109158
0.015990672107937035	8638872.919292899
0.016490380611310067	8721147.899476642
0.016990089114683103	8803422.879660385
0.017489797618056135	8885697.859844124
0.017489797618056135	8967972.840027867
0.017989506121429168	9050247.820211608
0.0184892146248022	9132522.80039535
0.018988923128175232	9214797.780579092
0.019488631631548264	9297072.760762835
0.019988340134921297	9379347.740946578
0.02048804863829433	9461622.721130317
0.02098775714166736	9543897.70131406
0.021487465645040393	9626172.681497801
0.021987174148413426	9708447.661681544
0.021987174148413426	9790722.641865287
0.022486882651786458	9872997.622049028
0.02298659115515949	9955272.602232771
0.023486299658532522	10037547.58241651
0.023986008161905555	10119822.562600253
0.024485716665278587	10202097.542783996
0.02498542516865162	10284372.522967737
0.02548513367202465	10366647.50315148
0.025984842175397684	10448922.483335221
0.026484550678770716	10531197.463518962
0.026984259182143748	10613472.443702705
0.02748396768551678	10695747.423886446
0.027983676188889816	10778022.40407019
0.028483384692262848	10860297.38425393
0.02898309319563588	10942572.364437673
0.029482801699008913	11024847.344621416
0.029982510202381945	11107122.324805155
0.030482218705754977	11189397.304988898
0.03098192720912801	11271672.28517264
0.03148163571250104	11353947.265356382
0.03198134421587407	11436222.245540125
0.0324810527192471	11518497.225723866
0.032980761222620135	11600772.205907607
0.033480469725993174	11683047.186091349
0.033980178229366206	11765322.166275091
0.03447988673273924	11847597.146458834
0.03497959523611227	11929872.126642575
0.0354793037394853	12012147.106826318
0.035979012242858335	12094422.08701006
0.03647872074623137	12176697.0671938
0.0369784292496044	12258972.047377542
0.03747813775297743	12341247.027561285
0.037977846256350464	12423522.007745028
0.0384775547597235	12505796.987928769
0.03897726326309653	12588071.968112512
0.03947697176646956	12670346.94829625
0.03997668026984259	12752621.928479994
0.040476388773215626	12834896.908663737
0.04097609727658866	12917171.888847478
0.04147580577996169	12999446.86903122
0.04197551428333472	13081721.849214962
0.042475222786707754	13163996.829398705
0.04297493129008079	13246271.809582446
0.04347463979345382	13328546.789766187
0.04397434829682685	13410821.76994993
0.04447405680019988	13493096.75013367
0.044973765303572916	13575371.730317414
0.04597318231031898	13657646.710501157
0.04647289081369201	13739921.690684896
0.046972599317065045	13822196.670868639
0.04747230782043808	13904471.65105238
0.04797201632381111	13986746.631236123
0.04847172482718414	14069021.611419866
0.048971433330557174	14151296.591603607
0.049471141833930206	14233571.57178735
0.04997085033730324	14315846.55197109
0.05047055884067627	14398121.532154832
0.0509702673440493	14480396.512338573
0.051469975847422335	14562671.492522316
0.0524693928541684	14644946.472706059
0.05296910135754143	14727221.4528898
0.053468809860914464	14809496.433073541
0.053968518364287496	14891771.413257282
0.05446822686766053	14974046.393441025
0.05496793537103356	15056321.373624768
0.05546764387440659	15138596.35380851
0.056467060881152664	15220871.333992252
0.056966769384525696	15303146.314175993
0.05746647788789873	15385421.294359734
0.05796618639127176	15467696.274543477
0.05846589489464479	15549971.254727218
0.05946531190139086	15632246.234910961
0.05996502040476389	15714521.215094702
0.06046472890813692	15796796.195278445
0.060964437411509954	15879071.175462186
0.06196385441825602	15961346.155645927
0.06246356292162905	16043621.13582967
0.06296327142500208	16125896.116013411
0.06346297992837512	16208171.096197154
0.06446239693512118	16290446.076380897
0.0649621054384942	16372721.056564638
0.06546181394186724	16454996.036748378
0.06646123094861331	16537271.016932122
0.06696093945198635	16619545.997115863
0.06746064795535937	16701820.977299605
0.06846006496210544	16784095.957483348
0.06895977346547848	16866370.93766709
0.0694594819688515	16948645.91785083
0.07045889897559757	17030920.898034573
0.0709586074789706	17113195.878218316
0.07195802448571667	17195470.85840206
0.0724577329890897	17277745.838585798
0.07345714999583576	17360020.81876954
0.0739568584992088	17442295.798953284
0.07445656700258182	17524570.779137023
0.07545598400932789	17606845.75932077
0.07595569251270093	17689120.73950451
0.076955109519447	17771395.719688248
0.07795452652619306	17853670.69987199
0.07845423502956608	17935945.680055734
0.07945365203631215	18018220.660239477
0.07995336053968519	18100495.640423216
0.08095277754643125	18182770.620606963
0.08145248604980428	18265045.6007907
0.08245190305655034	18347320.58097444
0.0834513200632964	18429595.561158184
0.08395102856666944	18511870.541341927
0.08495044557341551	18594145.52152567
0.08594986258016157	18676420.50170941
0.0864495710835346	18758695.481893156
0.08744898809028066	18840970.462076895
0.08844840509702673	18923245.442260634
0.08894811360039977	19005520.42244438
0.08994753060714583	19087795.40262812
0.0909469476138919	19170070.382811863
0.09194636462063796	19252345.362995602
0.092446073124011	19334620.34317935
0.09344549013075706	19416895.323363088
0.09444490713750313	19499170.303546827
0.09544432414424919	19581445.283730574
0.09644374115099526	19663720.263914313
0.09744315815774132	19745995.244098056
0.09794286666111435	19828270.2242818
0.09894228366786041	19910545.204465542
0.09994170067460648	19992820.18464928
0.10094111768135254	20075095.16483302
0.1019405346880986	20157370.145016767
0.10293995169484467	20239645.125200506
0.10393936870159073	20321920.10538425
0.1049387857083368	20404195.085567992
0.10593820271508286	20486470.06575173
0.10693761972182893	20568745.045935474
0.10793703672857499	20651020.026119217
0.1094361622386941	20733295.00630296
0.11043557924544016	20815569.9864867
0.11143499625218622	20897844.966670442
0.11243441325893229	20980119.946854185
0.11343383026567835	21062394.927037925
0.11443324727242442	21144669.907221667
0.11593237278254352	21226944.88740541
0.11693178978928959	21309219.867589153
0.11793120679603565	21391494.847772893
0.11943033230615474	21473769.827956636
0.1204297493129008	21556044.80814038
0.12142916631964687	21638319.788324118
0.12292829182976597	21720594.76850786
0.12392770883651204	21802869.748691604
0.12542683434663113	21885144.728875346
0.1264262513533772	21967419.709059086
0.12792537686349628	22049694.689242832
0.12892479387024236	22131969.66942657
0.13042391938036146	22214244.64961031
0.13192304489048054	22296519.629794054
0.13292246189722662	22378794.609977797
0.13442158740734572	22461069.59016154
0.13592071291746483	22543344.57034528
0.1374198384275839	22625619.55052902
0.13841925543432998	22707894.530712765
0.13991838094444908	22790169.510896504
0.14141750645456816	22872444.49108025
0.14291663196468726	22954719.47126399
0.14441575747480637	23036994.451447733
0.14591488298492547	23119269.431631472
0.14741400849504455	23201544.411815215
0.14891313400516365	23283819.391998958
0.15041225951528275	23366094.372182697
0.15191138502540186	23448369.352366444
0.153910219038894	23530644.332550183
0.15540934454901306	23612919.312733926
0.15690847005913217	23695194.29291767
0.1589073040726243	23777469.273101408
0.1604064295827434	23859744.25328515
0.1619055550928625	23942019.23346889
0.16390438910635463	24024294.213652637
0.16540351461647373	24106569.193836376
0.16740234862996586	24188844.17402012
0.169401182643458	24271119.154203862
0.17090030815357707	24353394.1343876
0.1728991421670692	24435669.114571344
0.17489797618056133	24517944.094755083
0.17689681019405346	24600219.07493883
0.1788956442075456	24682494.05512257
0.1803947697176647	24764769.035306312
0.18289331223452987	24847044.015490055
0.184892146248022	24929318.995673794
0.18689098026151413	25011593.975857537
0.18888981427500626	25093868.95604128
0.1913883567918714	25176143.936225023
0.19338719080536354	25258418.916408762
0.19538602481885567	25340693.8965925
0.19838427583909385	25422968.87677625
0.20038310985258598	25505243.856959987
0.20288165236945116	25587518.83714373
0.2048804863829433	25669793.817327473
0.20737902889980844	25752068.797511216
0.21087698842341968	25834343.777694955
0.21237611393353878	25916618.7578787
0.21537436495377696	25998893.73806244
0.21837261597401517	26081168.71824618
0.22137086699425335	26163443.698429924
0.22486882651786458	26245718.678613666
0.2268676605313567	26327993.65879741
0.231365037061714	26410268.63898115
0.23386357957857917	26492543.61916489
0.2358624135920713	26574818.599348634
0.23836095610893646	26657093.579532374
0.2423586241359207	26739368.559716117
0.24585658365953195	26821643.53989986
0.2483551261763971	26903918.520083603
0.2518530857000083	26986193.50026734
0.2533522112101274	27068468.480451085
0.2563504622303656	27150743.460634828
0.2603481302573499	27233018.440818567
0.26434579828433413	27315293.421002313
0.2663446322978263	27397568.401186053
0.2678437578079454	27479843.381369792
0.27184142583492965	27562118.361553535
0.2758390938619139	27644393.341737278
0.27833763637877906	27726668.32192102
0.2823353044057633	27808943.30210476
0.2848338469226285	27891218.282288507
0.2878320979428667	27973493.262472246
0.2913300574664779	28055768.242655985
0.2943283084867161	28138043.22283973
0.29882568501707335	28220318.20302347
0.3023236445406846	28302593.183207214
0.30632131256766887	28384868.163390953
0.31231781460814523	28467143.1435747
0.31831431664862164	28549418.12375844
0.32181227617223285	28631693.10394218
0.32980761222620136	28713968.084125925
0.3338052802531856	28796243.064309664
0.3403014907970351	28878518.044493407
0.34629799283751145	28960793.024677146
0.3567918714083451	29043068.004860893
0.36128924793870243	29125342.985044632
0.37378196052302826	29207617.96522837
0.3812775880736237	29289892.945412118
0.3917714666444574	29372167.925595857
0.3992670941950529	29454442.9057796
0.4092612642625135	29536717.885963343
0.42025485133672025	29618992.866147082
0.4292496043974348	29701267.846330825
0.4422420254851337	29783542.826514564
0.45123677854584826	29865817.80669831
0.46622803364703924	29948092.78688205
0.47572249521112686	30030367.767065793
0.4797201632381111	30112642.747249536
0.49071375031231784	30194917.727433275
0.509702673440493	30277192.70761702
0.5211959690180727	30359467.68780076
0.5211959690180727	30441742.667984504
0.540184892146248	30524017.648168243
0.5521778962272008	30606292.628351986
0.5501790622137087	30688567.60853573
0.5546764387440659	30770842.58871947
0.5781627384025985	30853117.56890321
0.5831598234363288	30935392.549086954
0.5866577829599401	31017667.529270697
