 0 0 -9 0
 0 0 -8 0
 0 0 -7 0
 0 0 -6 0
 0 0 -5 0
 0 0 -4 0
 0 0 -3 0
 0 0 -2 0
 0 0 -1 0
 0 0 0 0
 0 0 1 0
 0 0 2 0
 0 0 3 0
 0 0 4 0
 0 0 5 0
 0 0 6 0
 0 0 7 0
 0 0 8 0
 1 1 -15 0
 1 1 -14 0
 1 1 -13 0
 1 1 -12 0
 1 1 -11 0
 1 1 -10 0
 1 1 -9 0
 1 1 -8 0
 1 1 -7 0
 1 1 -6 0
 1 1 -5 0
 1 1 -4 0
 1 1 -3 0
 1 1 -2 0
 1 1 -1 0
 1 1 0 0
 1 1 1 0
 1 1 2 0
 2 0 -16 -1
 2 0 -15 -1
 2 0 -14 -1
 2 0 -13 -1
 2 0 -12 -1
 2 0 -11 -1
 2 0 -10 -1
 2 0 -9 -1
 2 0 -8 -1
 2 0 -7 -1
 2 0 -6 -1
 2 0 -5 -1
 3 1 -16 1
 3 1 -15 1
 3 1 -14 1
 3 1 -13 1
 3 1 -12 1
 3 1 -11 1
 5 1 -16 -1
 5 1 -15 -1
 7 0 -2 -1
 7 0 -1 -1
 7 0 0 -1
 7 0 1 -1
 7 0 2 -1
 7 0 3 -1
 7 0 4 -1
 7 0 5 -1
 7 0 6 -1
 7 0 7 -1
 7 0 8 -1
 7 0 9 -1
 7 0 10 -1
 7 0 11 -1
 7 0 12 -1
 7 0 13 -1
 7 0 14 -1
 7 0 15 -1
 11 -1 10 -1
 11 -1 11 -1
 11 -1 12 -1
 11 -1 13 -1
 11 -1 14 -1
 11 -1 15 -1
 11 -1 16 -1
 14 -2 -2 -1
 14 -2 -1 -1
 14 -2 0 -1
 14 -2 1 -1
 14 -2 2 -1
 14 -2 3 -1
 14 -2 4 -1
 14 -2 5 -1
 14 -2 6 -1
 14 -2 7 -1
 14 -2 8 -1
 14 -2 9 -1
 14 -2 10 -1
 14 -2 11 -1
 14 -2 12 -1
 14 -2 13 -1
 14 -2 14 -1
 14 -2 15 -1
 15 0 0 -2
 15 0 1 -2
 15 0 2 -2
 15 0 3 -2
 15 0 4 -2
 15 0 5 -2
 15 0 6 -2
 15 0 7 -2
 15 0 8 -2
 15 0 9 -2
 15 0 10 -2
 15 0 11 -2
 15 0 12 -2
 15 0 13 -2
 15 0 14 -2
 15 0 15 -2
 15 0 16 -2
 17 1 -8 1
 17 1 -7 1
 17 1 -6 1
 17 1 -5 1
 17 1 -4 1
 17 1 -3 1
 17 1 -2 1
 17 1 -1 1
 17 1 0 1
 17 1 1 1
 17 1 2 1
 17 1 3 1
 17 1 4 1
 17 1 5 1
 17 1 6 1
 17 1 7 1
 17 1 8 1
 17 1 9 1
 27 -2 8 0
 27 -2 9 0
 27 -2 10 0
 27 -2 11 0
 27 -2 12 0
 27 -2 13 0
 27 -2 14 0
 27 -2 15 0
 27 -2 16 0
 29 -2 8 1
 29 -2 9 1
 29 -2 10 1
 29 -2 11 1
 29 -2 12 1
 29 -2 13 1
 29 -2 14 1
 29 -2 15 1
 29 -2 16 1
 31 -1 3 -2
 31 -1 4 -2
 31 -1 5 -2
 31 -1 6 -2
 31 -1 7 -2
 31 -1 8 -2
 31 -1 9 -2
 31 -1 10 -2
 31 -1 11 -2
 31 -1 12 -2
 31 -1 13 -2
 31 -1 14 -2
 31 -1 15 -2
 31 -1 16 -2
 32 1 1 -2
 32 1 2 -2
 32 1 3 -2
 32 1 4 -2
 32 1 5 -2
 32 1 6 -2
 32 1 7 -2
 32 1 8 -2
 32 1 9 -2
 32 1 10 -2
 32 1 11 -2
 32 1 12 -2
 32 1 13 -2
 32 1 14 -2
 32 1 15 -2
 32 1 16 -2
 34 -2 15 -2
 34 -2 16 -2
 36 0 4 -3
 36 0 5 -3
 36 0 6 -3
 36 0 7 -3
 36 0 8 -3
 36 0 9 -3
 36 0 10 -3
 36 0 11 -3
 36 0 12 -3
 36 0 13 -3
 36 0 14 -3
 36 0 15 -3
 36 0 16 -3
 37 1 -7 -3
 37 1 -6 -3
 37 1 -5 -3
 37 1 -4 -3
 37 1 -3 -3
 37 1 -2 -3
 37 1 -1 -3
 37 1 0 -3
 37 1 1 -3
 37 1 2 -3
 37 1 3 -3
 37 1 4 -3
 37 1 5 -3
 37 1 6 -3
 37 1 7 -3
 37 1 8 -3
 37 1 9 -3
 37 1 10 -3
 39 -3 -5 1
 39 -3 -4 1
 39 -3 -3 1
 39 -3 -2 1
 39 -3 -1 1
 39 -3 0 1
 39 -3 1 1
 39 -3 2 1
 39 -3 3 1
 39 -3 4 1
 39 -3 5 1
 39 -3 6 1
 39 -3 7 1
 39 -3 8 1
 39 -3 9 1
 39 -3 10 1
 39 -3 11 1
 39 -3 12 1
 40 -1 8 -3
 40 -1 9 -3
 40 -1 10 -3
 40 -1 11 -3
 40 -1 12 -3
 40 -1 13 -3
 40 -1 14 -3
 40 -1 15 -3
 40 -1 16 -3
 89 2 -9 -2
 89 2 -8 -2
 89 2 -7 -2
 89 2 -6 -2
 89 2 -5 -2
 89 2 -4 -2
 89 2 -3 -2
 89 2 -2 -2
 89 2 -1 -2
 89 2 0 -2
 89 2 1 -2
 89 2 2 -2
 89 2 3 -2
 89 2 4 -2
 89 2 5 -2
 89 2 6 -2
 89 2 7 -2
 89 2 8 -2
 102 2 -8 1
 102 2 -7 1
 102 2 -6 1
 102 2 -5 1
 102 2 -4 1
 102 2 -3 1
 102 2 -2 1
 102 2 -1 1
 102 2 0 1
 102 2 1 1
 102 2 2 1
 102 2 3 1
 102 2 4 1
 102 2 5 1
 102 2 6 1
 102 2 7 1
 102 2 8 1
 102 2 9 1
 103 2 -16 -3
 103 2 -15 -3
 103 2 -14 -3
 103 2 -13 -3
 103 2 -12 -3
 103 2 -11 -3
 103 2 -10 -3
 103 2 -9 -3
 103 2 -8 -3
 103 2 -7 -3
 103 2 -6 -3
 103 2 -5 -3
 103 2 -4 -3
 103 2 -3 -3
 112 -4 -16 1
 114 -2 -7 2
 114 -2 -6 2
 114 -2 -5 2
 114 -2 -4 2
 114 -2 -3 2
 114 -2 -2 2
 114 -2 -1 2
 114 -2 0 2
 114 -2 1 2
 114 -2 2 2
 114 -2 3 2
 114 -2 4 2
 114 -2 5 2
 114 -2 6 2
 114 -2 7 2
 114 -2 8 2
 114 -2 9 2
 114 -2 10 2
 141 -5 -16 1
 142 -2 1 3
 142 -2 2 3
 142 -2 3 3
 142 -2 4 3
 142 -2 5 3
 142 -2 6 3
 142 -2 7 3
 142 -2 8 3
 142 -2 9 3
 142 -2 10 3
 142 -2 11 3
 142 -2 12 3
 142 -2 13 3
 142 -2 14 3
 142 -2 15 3
 142 -2 16 3
 147 2 -2 0
 147 2 -1 0
 147 2 0 0
 147 2 1 0
 147 2 2 0
 147 2 3 0
 147 2 4 0
 147 2 5 0
 147 2 6 0
 147 2 7 0
 147 2 8 0
 147 2 9 0
 147 2 10 0
 147 2 11 0
 147 2 12 0
 147 2 13 0
 147 2 14 0
 147 2 15 0
 149 0 5 -4
 149 0 6 -4
 149 0 7 -4
 149 0 8 -4
 149 0 9 -4
 149 0 10 -4
 149 0 11 -4
 149 0 12 -4
 149 0 13 -4
 149 0 14 -4
 149 0 15 -4
 149 0 16 -4
 150 2 -16 -4
 150 2 -15 -4
 150 2 -14 -4
 150 2 -13 -4
 150 2 -12 -4
 150 2 -11 -4
 150 2 -10 -4
 157 -1 -16 -3
 157 -1 -15 -3
 157 -1 -14 -3
 157 -1 -13 -3
 157 -1 -12 -3
 157 -1 -11 -3
 157 -1 -10 -3
 157 -1 -9 -3
 157 -1 -8 -3
 166 0 -16 1
 166 0 -15 1
 166 0 -14 1
 166 0 -13 1
 166 0 -12 1
 166 0 -11 1
 166 0 -10 1
 166 0 -9 1
 166 0 -8 1
 166 0 -7 1
 166 0 -6 1
 176 -3 1 -2
 176 -3 2 -2
 176 -3 3 -2
 176 -3 4 -2
 176 -3 5 -2
 176 -3 6 -2
 176 -3 7 -2
 176 -3 8 -2
 176 -3 9 -2
 176 -3 10 -2
 176 -3 11 -2
 176 -3 12 -2
 176 -3 13 -2
 176 -3 14 -2
 176 -3 15 -2
 176 -3 16 -2
 178 -2 -14 -3
 178 -2 -13 -3
 178 -2 -12 -3
 178 -2 -11 -3
 178 -2 -10 -3
 178 -2 -9 -3
 178 -2 -8 -3
 178 -2 -7 -3
 178 -2 -6 -3
 178 -2 -5 -3
 178 -2 -4 -3
 178 -2 -3 -3
 178 -2 -2 -3
 178 -2 -1 -3
 178 -2 0 -3
 178 -2 1 -3
 178 -2 2 -3
 178 -2 3 -3
 181 2 -16 -5
 181 2 -15 -5
 181 2 -14 -5
 181 2 -13 -5
 181 2 -12 -5
 181 2 -11 -5
 181 2 -10 -5
 181 2 -9 -5
 181 2 -8 -5
 181 2 -7 -5
 181 2 -6 -5
 182 -2 -15 4
 182 -2 -14 4
 182 -2 -13 4
 182 -2 -12 4
 182 -2 -11 4
 182 -2 -10 4
 182 -2 -9 4
 182 -2 -8 4
 182 -2 -7 4
 182 -2 -6 4
 182 -2 -5 4
 182 -2 -4 4
 182 -2 -3 4
 182 -2 -2 4
 182 -2 -1 4
 182 -2 0 4
 182 -2 1 4
 182 -2 2 4
 193 3 -16 1
 193 3 -15 1
 193 3 -14 1
 193 3 -13 1
 193 3 -12 1
 193 3 -11 1
 193 3 -10 1
 193 3 -9 1
 193 3 -8 1
 193 3 -7 1
 193 3 -6 1
 193 3 -5 1
 195 2 10 -2
 195 2 11 -2
 195 2 12 -2
 195 2 13 -2
 195 2 14 -2
 195 2 15 -2
 195 2 16 -2
 196 3 -16 -5
 196 3 -15 -5
 196 3 -14 -5
 196 3 -13 -5
 196 3 -12 -5
 196 3 -11 -5
 196 3 -10 -5
 196 3 -9 -5
 196 3 -8 -5
 196 3 -7 -5
 196 3 -6 -5
 196 3 -5 -5
 196 3 -4 -5
 196 3 -3 -5
 196 3 -2 -5
 196 3 -1 -5
 196 3 0 -5
 196 3 1 -5
 215 -5 -16 2
 215 -5 -15 2
 215 -5 -14 2
 215 -5 -13 2
 215 -5 -12 2
 215 -5 -11 2
 215 -5 -10 2
 215 -5 -9 2
 215 -5 -8 2
 215 -5 -7 2
 215 -5 -6 2
 215 -5 -5 2
 215 -5 -4 2
 217 -2 11 4
 217 -2 12 4
 217 -2 13 4
 217 -2 14 4
 217 -2 15 4
 217 -2 16 4
 221 -2 -15 5
 221 -2 -14 5
 221 -2 -13 5
 221 -2 -12 5
 221 -2 -11 5
 221 -2 -10 5
 221 -2 -9 5
 221 -2 -8 5
 221 -2 -7 5
 221 -2 -6 5
 221 -2 -5 5
 221 -2 -4 5
 221 -2 -3 5
 221 -2 -2 5
 221 -2 -1 5
 221 -2 0 5
 221 -2 1 5
 221 -2 2 5
 249 3 -16 -6
 249 3 -15 -6
 249 3 -14 -6
 249 3 -13 -6
 249 3 -12 -6
 249 3 -11 -6
 249 3 -10 -6
 249 3 -9 -6
 249 3 -8 -6
 249 3 -7 -6
 249 3 -6 -6
 249 3 -5 -6
 249 3 -4 -6
 249 3 -3 -6
 249 3 -2 -6
 249 3 -1 -6
 249 3 0 -6
 249 3 1 -6
 263 -1 -16 5
 263 -1 -15 5
 263 -1 -14 5
 263 -1 -13 5
 263 -1 -12 5
 263 -1 -11 5
 263 -1 -10 5
 263 -1 -9 5
 263 -1 -8 5
 271 2 -2 -5
 271 2 -1 -5
 271 2 0 -5
 271 2 1 -5
 271 2 2 -5
 271 2 3 -5
 271 2 4 -5
 271 2 5 -5
 271 2 6 -5
 271 2 7 -5
 271 2 8 -5
 271 2 9 -5
 271 2 10 -5
 271 2 11 -5
 271 2 12 -5
 271 2 13 -5
 271 2 14 -5
 271 2 15 -5
 291 3 12 -5
 291 3 13 -5
 291 3 14 -5
 291 3 15 -5
 291 3 16 -5
 312 -3 -16 -3
 312 -3 -15 -3
 312 -3 -14 -3
 312 -3 -13 -3
 312 -3 -12 -3
 312 -3 -11 -3
 312 -3 -10 -3
 312 -3 -9 -3
 339 3 -16 -2
 339 3 -15 -2
 339 3 -14 -2
 339 3 -13 -2
 339 3 -12 -2
 339 3 -11 -2
 339 3 -10 -2
 339 3 -9 -2
 339 3 -8 -2
 339 3 -7 -2
 339 3 -6 -2
 339 3 -5 -2
 339 3 -4 -2
 339 3 -3 -2
 346 -4 14 -4
 346 -4 15 -4
 346 -4 16 -4
 351 4 -13 -5
 351 4 -12 -5
 351 4 -11 -5
 351 4 -10 -5
 351 4 -9 -5
 351 4 -8 -5
 351 4 -7 -5
 351 4 -6 -5
 351 4 -5 -5
 351 4 -4 -5
 351 4 -3 -5
 351 4 -2 -5
 351 4 -1 -5
 351 4 0 -5
 351 4 1 -5
 351 4 2 -5
 351 4 3 -5
 351 4 4 -5
 352 -4 11 -5
 352 -4 12 -5
 352 -4 13 -5
 352 -4 14 -5
 352 -4 15 -5
 352 -4 16 -5
 370 2 -16 -6
 370 2 -15 -6
 370 2 -14 -6
 370 2 -13 -6
 370 2 -12 -6
 370 2 -11 -6
 370 2 -10 -6
 370 2 -9 -6
 371 4 -6 -6
 371 4 -5 -6
 371 4 -4 -6
 371 4 -3 -6
 371 4 -2 -6
 371 4 -1 -6
 371 4 0 -6
 371 4 1 -6
 371 4 2 -6
 371 4 3 -6
 371 4 4 -6
 371 4 5 -6
 371 4 6 -6
 371 4 7 -6
 371 4 8 -6
 371 4 9 -6
 371 4 10 -6
 371 4 11 -6
 382 3 13 -4
 382 3 14 -4
 382 3 15 -4
 382 3 16 -4
 400 -3 -4 -3
 400 -3 -3 -3
 400 -3 -2 -3
 400 -3 -1 -3
 400 -3 0 -3
 400 -3 1 -3
 400 -3 2 -3
 400 -3 3 -3
 400 -3 4 -3
 400 -3 5 -3
 400 -3 6 -3
 400 -3 7 -3
 400 -3 8 -3
 400 -3 9 -3
 400 -3 10 -3
 400 -3 11 -3
 400 -3 12 -3
 400 -3 13 -3
 401 -5 -16 3
 401 -5 -15 3
 401 -5 -14 3
 401 -5 -13 3
 401 -5 -12 3
 401 -5 -11 3
 401 -5 -10 3
 431 -2 -6 6
 431 -2 -5 6
 431 -2 -4 6
 431 -2 -3 6
 431 -2 -2 6
 431 -2 -1 6
 431 -2 0 6
 431 -2 1 6
 431 -2 2 6
 431 -2 3 6
 431 -2 4 6
 431 -2 5 6
 431 -2 6 6
 431 -2 7 6
 431 -2 8 6
 431 -2 9 6
 431 -2 10 6
 431 -2 11 6
 440 3 7 0
 440 3 8 0
 440 3 9 0
 440 3 10 0
 440 3 11 0
 440 3 12 0
 440 3 13 0
 440 3 14 0
 440 3 15 0
 440 3 16 0
 443 -2 -5 7
 443 -2 -4 7
 443 -2 -3 7
 443 -2 -2 7
 443 -2 -1 7
 443 -2 0 7
 443 -2 1 7
 443 -2 2 7
 443 -2 3 7
 443 -2 4 7
 443 -2 5 7
 443 -2 6 7
 443 -2 7 7
 443 -2 8 7
 443 -2 9 7
 443 -2 10 7
 443 -2 11 7
 443 -2 12 7
 446 -6 -16 1
 446 -6 -15 1
 446 -6 -14 1
 446 -6 -13 1
 446 -6 -12 1
 446 -6 -11 1
 446 -6 -10 1
 446 -6 -9 1
 446 -6 -8 1
 446 -6 -7 1
 446 -6 -6 1
 454 -2 12 5
 454 -2 13 5
 454 -2 14 5
 454 -2 15 5
 454 -2 16 5
 458 4 -16 2
 458 4 -15 2
 458 4 -14 2
 459 -3 -16 -4
 459 -3 -15 -4
 459 -3 -14 -4
 459 -3 -13 -4
 459 -3 -12 -4
 459 -3 -11 -4
 459 -3 -10 -4
 459 -3 -9 -4
 459 -3 -8 -4
 459 -3 -7 -4
 459 -3 -6 -4
 460 -3 2 7
 460 -3 3 7
 460 -3 4 7
 460 -3 5 7
 460 -3 6 7
 460 -3 7 7
 460 -3 8 7
 460 -3 9 7
 460 -3 10 7
 460 -3 11 7
 460 -3 12 7
 460 -3 13 7
 460 -3 14 7
 460 -3 15 7
 460 -3 16 7
 464 -6 7 3
 464 -6 8 3
 464 -6 9 3
 464 -6 10 3
 464 -6 11 3
 464 -6 12 3
 464 -6 13 3
 464 -6 14 3
 464 -6 15 3
 464 -6 16 3
 472 -1 -5 7
 472 -1 -4 7
 472 -1 -3 7
 472 -1 -2 7
 472 -1 -1 7
 472 -1 0 7
 472 -1 1 7
 472 -1 2 7
 472 -1 3 7
 472 -1 4 7
 472 -1 5 7
 472 -1 6 7
 472 -1 7 7
 472 -1 8 7
 472 -1 9 7
 472 -1 10 7
 472 -1 11 7
 472 -1 12 7
 475 -3 2 6
 475 -3 3 6
 475 -3 4 6
 475 -3 5 6
 475 -3 6 6
 475 -3 7 6
 475 -3 8 6
 475 -3 9 6
 475 -3 10 6
 475 -3 11 6
 475 -3 12 6
 475 -3 13 6
 475 -3 14 6
 475 -3 15 6
 475 -3 16 6
 478 3 14 -6
 478 3 15 -6
 478 3 16 -6
 488 -6 -16 4
 488 -6 -15 4
 488 -6 -14 4
 488 -6 -13 4
 488 -6 -12 4
 488 -6 -11 4
 488 -6 -10 4
 488 -6 -9 4
 488 -6 -8 4
 544 1 -9 -6
 544 1 -8 -6
 544 1 -7 -6
 544 1 -6 -6
 544 1 -5 -6
 544 1 -4 -6
 544 1 -3 -6
 544 1 -2 -6
 544 1 -1 -6
 544 1 0 -6
 544 1 1 -6
 544 1 2 -6
 544 1 3 -6
 544 1 4 -6
 544 1 5 -6
 544 1 6 -6
 544 1 7 -6
 544 1 8 -6
 553 -3 -16 -5
 553 -3 -15 -5
 553 -3 -14 -5
 553 -3 -13 -5
 553 -3 -12 -5
 553 -3 -11 -5
 553 -3 -10 -5
 553 -3 -9 -5
 553 -3 -8 -5
 553 -3 -7 -5
 567 5 -3 -6
 567 5 -2 -6
 567 5 -1 -6
 567 5 0 -6
 567 5 1 -6
 567 5 2 -6
 567 5 3 -6
 567 5 4 -6
 567 5 5 -6
 567 5 6 -6
 567 5 7 -6
 567 5 8 -6
 567 5 9 -6
 567 5 10 -6
 567 5 11 -6
 567 5 12 -6
 567 5 13 -6
 567 5 14 -6
 581 3 -16 -7
 586 -7 -16 4
 586 -7 -15 4
 586 -7 -14 4
 586 -7 -13 4
 586 -7 -12 4
 586 -7 -11 4
 586 -7 -10 4
 586 -7 -9 4
 586 -7 -8 4
 586 -7 -7 4
 595 -7 -16 5
 595 -7 -15 5
 595 -7 -14 5
 595 -7 -13 5
 595 -7 -12 5
 595 -7 -11 5
 595 -7 -10 5
 595 -7 -9 5
 595 -7 -8 5
 595 -7 -7 5
 595 -7 -6 5
 595 -7 -5 5
 595 -7 -4 5
 595 -7 -3 5
 595 -7 -2 5
 595 -7 -1 5
 595 -7 0 5
 600 -6 2 2
 600 -6 3 2
 600 -6 4 2
 600 -6 5 2
 600 -6 6 2
 600 -6 7 2
 600 -6 8 2
 600 -6 9 2
 600 -6 10 2
 600 -6 11 2
 600 -6 12 2
 600 -6 13 2
 600 -6 14 2
 600 -6 15 2
 600 -6 16 2
 606 1 -16 -6
 606 1 -15 -6
 606 1 -14 -6
 615 -4 1 1
 615 -4 2 1
 615 -4 3 1
 615 -4 4 1
 615 -4 5 1
 615 -4 6 1
 615 -4 7 1
 615 -4 8 1
 615 -4 9 1
 615 -4 10 1
 615 -4 11 1
 615 -4 12 1
 615 -4 13 1
 615 -4 14 1
 615 -4 15 1
 615 -4 16 1
 643 3 -16 3
 643 3 -15 3
 643 3 -14 3
 643 3 -13 3
 643 3 -12 3
 643 3 -11 3
 643 3 -10 3
 643 3 -9 3
 643 3 -8 3
 643 3 -7 3
 665 -6 8 4
 665 -6 9 4
 665 -6 10 4
 665 -6 11 4
 665 -6 12 4
 665 -6 13 4
 665 -6 14 4
 665 -6 15 4
 665 -6 16 4
 666 6 0 -6
 666 6 1 -6
 666 6 2 -6
 666 6 3 -6
 666 6 4 -6
 666 6 5 -6
 666 6 6 -6
 666 6 7 -6
 666 6 8 -6
 666 6 9 -6
 666 6 10 -6
 666 6 11 -6
 666 6 12 -6
 666 6 13 -6
 666 6 14 -6
 666 6 15 -6
 666 6 16 -6
 670 6 3 -5
 670 6 4 -5
 670 6 5 -5
 670 6 6 -5
 670 6 7 -5
 670 6 8 -5
 670 6 9 -5
 670 6 10 -5
 670 6 11 -5
 670 6 12 -5
 670 6 13 -5
 670 6 14 -5
 670 6 15 -5
 670 6 16 -5
 692 4 -10 -2
 692 4 -9 -2
 692 4 -8 -2
 692 4 -7 -2
 692 4 -6 -2
 692 4 -5 -2
 692 4 -4 -2
 692 4 -3 -2
 692 4 -2 -2
 692 4 -1 -2
 692 4 0 -2
 692 4 1 -2
 692 4 2 -2
 692 4 3 -2
 692 4 4 -2
 692 4 5 -2
 692 4 6 -2
 692 4 7 -2
 696 -5 10 -6
 696 -5 11 -6
 696 -5 12 -6
 696 -5 13 -6
 696 -5 14 -6
 696 -5 15 -6
 696 -5 16 -6
 725 0 13 -7
 725 0 14 -7
 725 0 15 -7
 725 0 16 -7
 728 -8 -13 4
 728 -8 -12 4
 728 -8 -11 4
 728 -8 -10 4
 728 -8 -9 4
 728 -8 -8 4
 728 -8 -7 4
 728 -8 -6 4
 728 -8 -5 4
 728 -8 -4 4
 728 -8 -3 4
 728 -8 -2 4
 728 -8 -1 4
 728 -8 0 4
 728 -8 1 4
 728 -8 2 4
 728 -8 3 4
 728 -8 4 4
 746 -3 -16 7
 746 -3 -15 7
 746 -3 -14 7
 746 -3 -13 7
 746 -3 -12 7
 746 -3 -11 7
 746 -3 -10 7
 746 -3 -9 7
 746 -3 -8 7
 746 -3 -7 7
 746 -3 -6 7
 746 -3 -5 7
 758 5 -12 -2
 758 5 -11 -2
 758 5 -10 -2
 758 5 -9 -2
 758 5 -8 -2
 758 5 -7 -2
 758 5 -6 -2
 758 5 -5 -2
 758 5 -4 -2
 758 5 -3 -2
 758 5 -2 -2
 758 5 -1 -2
 758 5 0 -2
 758 5 1 -2
 758 5 2 -2
 758 5 3 -2
 758 5 4 -2
 758 5 5 -2
 772 -1 14 9
 772 -1 15 9
 772 -1 16 9
 825 -1 10 10
 825 -1 11 10
 825 -1 12 10
 825 -1 13 10
 825 -1 14 10
 825 -1 15 10
 825 -1 16 10
 852 -8 -2 5
 852 -8 -1 5
 852 -8 0 5
 852 -8 1 5
 852 -8 2 5
 852 -8 3 5
 852 -8 4 5
 852 -8 5 5
 852 -8 6 5
 852 -8 7 5
 852 -8 8 5
 852 -8 9 5
 852 -8 10 5
 852 -8 11 5
 852 -8 12 5
 852 -8 13 5
 852 -8 14 5
 852 -8 15 5
 856 -8 -16 5
 856 -8 -15 5
 856 -8 -14 5
 856 -8 -13 5
 860 4 -15 -7
 860 4 -14 -7
 860 4 -13 -7
 860 4 -12 -7
 860 4 -11 -7
 860 4 -10 -7
 860 4 -9 -7
 860 4 -8 -7
 860 4 -7 -7
 860 4 -6 -7
 860 4 -5 -7
 860 4 -4 -7
 860 4 -3 -7
 860 4 -2 -7
 860 4 -1 -7
 860 4 0 -7
 860 4 1 -7
 860 4 2 -7
 865 -8 -16 6
 865 -8 -15 6
 865 -8 -14 6
 865 -8 -13 6
 865 -8 -12 6
 865 -8 -11 6
 865 -8 -10 6
 865 -8 -9 6
 865 -8 -8 6
 865 -8 -7 6
 865 -8 -6 6
 865 -8 -5 6
 865 -8 -4 6
 865 -8 -3 6
 865 -8 -2 6
 881 -4 -16 9
 881 -4 -15 9
 890 -2 -1 10
 890 -2 0 10
 890 -2 1 10
 890 -2 2 10
 890 -2 3 10
 890 -2 4 10
 890 -2 5 10
 890 -2 6 10
 890 -2 7 10
 890 -2 8 10
 890 -2 9 10
 890 -2 10 10
 890 -2 11 10
 890 -2 12 10
 890 -2 13 10
 890 -2 14 10
 890 -2 15 10
 890 -2 16 10
 908 0 -6 7
 908 0 -5 7
 908 0 -4 7
 908 0 -3 7
 908 0 -2 7
 908 0 -1 7
 908 0 0 7
 908 0 1 7
 908 0 2 7
 908 0 3 7
 908 0 4 7
 908 0 5 7
 908 0 6 7
 908 0 7 7
 908 0 8 7
 908 0 9 7
 908 0 10 7
 908 0 11 7
 916 7 1 -6
 916 7 2 -6
 916 7 3 -6
 916 7 4 -6
 916 7 5 -6
 916 7 6 -6
 916 7 7 -6
 916 7 8 -6
 916 7 9 -6
 916 7 10 -6
 916 7 11 -6
 916 7 12 -6
 916 7 13 -6
 916 7 14 -6
 916 7 15 -6
 916 7 16 -6
 941 -7 4 2
 941 -7 5 2
 941 -7 6 2
 941 -7 7 2
 941 -7 8 2
 941 -7 9 2
 941 -7 10 2
 941 -7 11 2
 941 -7 12 2
 941 -7 13 2
 941 -7 14 2
 941 -7 15 2
 941 -7 16 2
 952 2 -16 -7
 952 2 -15 -7
 952 2 -14 -7
 952 2 -13 -7
 952 2 -12 -7
 952 2 -11 -7
 952 2 -10 -7
 952 2 -9 -7
 952 2 -8 -7
 952 2 -7 -7
 952 2 -6 -7
 952 2 -5 -7
 952 2 -4 -7
 952 2 -3 -7
 952 2 -2 -7
 952 2 -1 -7
 952 2 0 -7
 952 2 1 -7
 966 7 12 -5
 966 7 13 -5
 966 7 14 -5
 966 7 15 -5
 966 7 16 -5
 972 -8 -16 3
 972 -8 -15 3
 972 -8 -14 3
 972 -8 -13 3
 972 -8 -12 3
 972 -8 -11 3
 972 -8 -10 3
 972 -8 -9 3
 972 -8 -8 3
 972 -8 -7 3
 972 -8 -6 3
 972 -8 -5 3
 972 -8 -4 3
 972 -8 -3 3
 972 -8 -2 3
 972 -8 -1 3
 972 -8 0 3
 1002 -4 -16 8
 1002 -4 -15 8
 1002 -4 -14 8
 1002 -4 -13 8
 1002 -4 -12 8
 1009 -9 2 5
 1009 -9 3 5
 1009 -9 4 5
 1009 -9 5 5
 1009 -9 6 5
 1009 -9 7 5
 1009 -9 8 5
 1009 -9 9 5
 1009 -9 10 5
 1009 -9 11 5
 1009 -9 12 5
 1009 -9 13 5
 1009 -9 14 5
 1009 -9 15 5
 1009 -9 16 5
 1017 -5 7 -7
 1017 -5 8 -7
 1017 -5 9 -7
 1017 -5 10 -7
 1017 -5 11 -7
 1017 -5 12 -7
 1017 -5 13 -7
 1017 -5 14 -7
 1017 -5 15 -7
 1017 -5 16 -7
 1022 4 -2 0
 1022 4 -1 0
 1022 4 0 0
 1022 4 1 0
 1022 4 2 0
 1022 4 3 0
 1022 4 4 0
 1022 4 5 0
 1022 4 6 0
 1022 4 7 0
 1022 4 8 0
 1022 4 9 0
 1022 4 10 0
 1022 4 11 0
 1022 4 12 0
 1022 4 13 0
 1022 4 14 0
 1022 4 15 0
 1025 -3 -16 -6
 1025 -3 -15 -6
 1025 -3 -14 -6
 1025 -3 -13 -6
 1025 -3 -12 -6
 1042 -6 -8 -7
 1042 -6 -7 -7
 1042 -6 -6 -7
 1042 -6 -5 -7
 1042 -6 -4 -7
 1042 -6 -3 -7
 1042 -6 -2 -7
 1042 -6 -1 -7
 1042 -6 0 -7
 1042 -6 1 -7
 1042 -6 2 -7
 1042 -6 3 -7
 1042 -6 4 -7
 1042 -6 5 -7
 1042 -6 6 -7
 1042 -6 7 -7
 1042 -6 8 -7
 1042 -6 9 -7
 1062 -9 -16 3
 1062 -9 -15 3
 1062 -9 -14 3
 1062 -9 -13 3
 1062 -9 -12 3
 1062 -9 -11 3
 1062 -9 -10 3
 1062 -9 -9 3
 1062 -9 -8 3
 1062 -9 -7 3
 1064 -6 -16 -6
 1064 -6 -15 -6
 1064 -6 -14 -6
 1064 -6 -13 -6
 1064 -6 -12 -6
 1064 -6 -11 -6
 1064 -6 -10 -6
 1064 -6 -9 -6
 1064 -6 -8 -6
 1064 -6 -7 -6
 1064 -6 -6 -6
 1064 -6 -5 -6
 1085 0 -16 8
 1085 0 -15 8
 1085 0 -14 8
 1085 0 -13 8
 1085 0 -12 8
 1085 0 -11 8
 1085 0 -10 8
 1085 0 -9 8
 1085 0 -8 8
 1085 0 -7 8
 1085 0 -6 8
 1085 0 -5 8
 1085 0 -4 8
 1091 -6 -8 -8
 1091 -6 -7 -8
 1091 -6 -6 -8
 1091 -6 -5 -8
 1091 -6 -4 -8
 1091 -6 -3 -8
 1091 -6 -2 -8
 1091 -6 -1 -8
 1091 -6 0 -8
 1091 -6 1 -8
 1091 -6 2 -8
 1091 -6 3 -8
 1091 -6 4 -8
 1091 -6 5 -8
 1091 -6 6 -8
 1091 -6 7 -8
 1091 -6 8 -8
 1091 -6 9 -8
 1118 -4 -16 -4
 1118 -4 -15 -4
 1118 -4 -14 -4
 1118 -4 -13 -4
 1118 -4 -12 -4
 1118 -4 -11 -4
 1118 -4 -10 -4
 1118 -4 -9 -4
 1118 -4 -8 -4
 1118 -4 -7 -4
 1118 -4 -6 -4
 1118 -4 -5 -4
 1121 0 10 10
 1121 0 11 10
 1121 0 12 10
 1121 0 13 10
 1121 0 14 10
 1121 0 15 10
 1121 0 16 10
 1142 -8 -15 7
 1142 -8 -14 7
 1142 -8 -13 7
 1142 -8 -12 7
 1142 -8 -11 7
 1142 -8 -10 7
 1142 -8 -9 7
 1142 -8 -8 7
 1142 -8 -7 7
 1142 -8 -6 7
 1142 -8 -5 7
 1142 -8 -4 7
 1142 -8 -3 7
 1142 -8 -2 7
 1142 -8 -1 7
 1142 -8 0 7
 1142 -8 1 7
 1142 -8 2 7
 1176 -10 -15 5
 1176 -10 -14 5
 1176 -10 -13 5
 1176 -10 -12 5
 1176 -10 -11 5
 1176 -10 -10 5
 1176 -10 -9 5
 1176 -10 -8 5
 1176 -10 -7 5
 1176 -10 -6 5
 1176 -10 -5 5
 1176 -10 -4 5
 1176 -10 -3 5
 1176 -10 -2 5
 1176 -10 -1 5
 1176 -10 0 5
 1176 -10 1 5
 1176 -10 2 5
 1198 5 -16 -1
 1198 5 -15 -1
 1198 5 -14 -1
 1198 5 -13 -1
 1198 5 -12 -1
 1198 5 -11 -1
 1198 5 -10 -1
 1198 5 -9 -1
 1272 5 -16 -3
 1272 5 -15 -3
 1272 5 -14 -3
 1272 5 -13 -3
 1272 5 -12 -3
 1272 5 -11 -3
 1272 5 -10 -3
 1272 5 -9 -3
 1272 5 -8 -3
 1272 5 -7 -3
 1314 -2 -16 11
 1314 -2 -15 11
 1314 -2 -14 11
 1314 -2 -13 11
 1314 -2 -12 11
 1314 -2 -11 11
 1314 -2 -10 11
 1314 -2 -9 11
 1314 -2 -8 11
 1314 -2 -7 11
 1314 -2 -6 11
 1314 -2 -5 11
 1314 -2 -4 11
 1314 -2 -3 11
 1314 -2 -2 11
 1314 -2 -1 11
 1321 -7 -16 1
 1321 -7 -15 1
 1321 -7 -14 1
 1321 -7 -13 1
 1321 -7 -12 1
 1321 -7 -11 1
 1321 -7 -10 1
 1321 -7 -9 1
 1321 -7 -8 1
 1321 -7 -7 1
 1321 -7 -6 1
 1321 -7 -5 1
 1321 -7 -4 1
 1321 -7 -3 1
 1321 -7 -2 1
 1321 -7 -1 1
 1321 -7 0 1
 1368 6 -16 2
 1368 6 -15 2
 1368 6 -14 2
 1368 6 -13 2
 1380 -9 14 6
 1380 -9 15 6
 1380 -9 16 6
 1406 6 -16 -3
 1406 6 -15 -3
 1406 6 -14 -3
 1406 6 -13 -3
 1406 6 -12 -3
 1406 6 -11 -3
 1406 6 -10 -3
 1444 -5 -16 9
 1444 -5 -15 9
 1444 -5 -14 9
 1444 -5 -13 9
 1444 -5 -12 9
 1444 -5 -11 9
 1444 -5 -10 9
 1444 -5 -9 9
 1444 -5 -8 9
 1444 -5 -7 9
 1444 -5 -6 9
 1444 -5 -5 9
 1444 -5 -4 9
 1444 -5 -3 9
 1444 -5 -2 9
 1444 -5 -1 9
 1444 -5 0 9
 1444 -5 1 9
 1451 6 -16 -2
 1451 6 -15 -2
 1451 6 -14 -2
 1451 6 -13 -2
 1451 6 -12 -2
 1451 6 -11 -2
 1451 6 -10 -2
 1451 6 -9 -2
 1451 6 -8 -2
 1451 6 -7 -2
 1451 6 -6 -2
 1451 6 -5 -2
 1451 6 -4 -2
 1451 6 -3 -2
 1451 6 -2 -2
 1451 6 -1 -2
 1451 6 0 -2
 1454 -3 -16 -7
 1454 -3 -15 -7
 1454 -3 -14 -7
 1454 -3 -13 -7
 1454 -3 -12 -7
 1454 -3 -11 -7
 1454 -3 -10 -7
 1454 -3 -9 -7
 1454 -3 -8 -7
 1454 -3 -7 -7
 1454 -3 -6 -7
 1454 -3 -5 -7
 1454 -3 -4 -7
 1454 -3 -3 -7
 1454 -3 -2 -7
 1454 -3 -1 -7
 1454 -3 0 -7
 1456 -4 -1 6
 1456 -4 0 6
 1456 -4 1 6
 1456 -4 2 6
 1456 -4 3 6
 1456 -4 4 6
 1456 -4 5 6
 1456 -4 6 6
 1456 -4 7 6
 1456 -4 8 6
 1456 -4 9 6
 1456 -4 10 6
 1456 -4 11 6
 1456 -4 12 6
 1456 -4 13 6
 1456 -4 14 6
 1456 -4 15 6
 1456 -4 16 6
 1471 -9 10 7
 1471 -9 11 7
 1471 -9 12 7
 1471 -9 13 7
 1471 -9 14 7
 1471 -9 15 7
 1471 -9 16 7
 1508 -6 -16 -9
 1508 -6 -15 -9
 1508 -6 -14 -9
 1508 -6 -13 -9
 1508 -6 -12 -9
 1508 -6 -11 -9
 1508 -6 -10 -9
 1508 -6 -9 -9
 1508 -6 -8 -9
 1508 -6 -7 -9
 1519 5 -16 -13
 1519 5 -15 -13
 1519 5 -14 -13
 1519 5 -13 -13
 1519 5 -12 -13
 1519 5 -11 -13
 1519 5 -10 -13
 1519 5 -9 -13
 1519 5 -8 -13
 1519 5 -7 -13
 1575 -7 -16 -9
 1575 -7 -15 -9
 1575 -7 -14 -9
 1575 -7 -13 -9
 1575 -7 -12 -9
 1575 -7 -11 -9
 1575 -7 -10 -9
 1575 -7 -9 -9
 1575 -7 -8 -9
 1575 -7 -7 -9
 1575 -7 -6 -9
 1575 -7 -5 -9
 1575 -7 -4 -9
 1575 -7 -3 -9
 1575 -7 -2 -9
 1575 -7 -1 -9
 1575 -7 0 -9
 1576 -6 1 -9
 1576 -6 2 -9
 1576 -6 3 -9
 1576 -6 4 -9
 1576 -6 5 -9
 1576 -6 6 -9
 1576 -6 7 -9
 1576 -6 8 -9
 1576 -6 9 -9
 1576 -6 10 -9
 1576 -6 11 -9
 1576 -6 12 -9
 1576 -6 13 -9
 1576 -6 14 -9
 1576 -6 15 -9
 1576 -6 16 -9
 1666 -14 2 1
 1666 -14 3 1
 1666 -14 4 1
 1666 -14 5 1
 1666 -14 6 1
 1666 -14 7 1
 1666 -14 8 1
 1666 -14 9 1
 1666 -14 10 1
 1666 -14 11 1
 1666 -14 12 1
 1666 -14 13 1
 1666 -14 14 1
 1666 -14 15 1
 1666 -14 16 1
 1676 -6 3 -10
 1676 -6 4 -10
 1676 -6 5 -10
 1676 -6 6 -10
 1676 -6 7 -10
 1676 -6 8 -10
 1676 -6 9 -10
 1676 -6 10 -10
 1676 -6 11 -10
 1676 -6 12 -10
 1676 -6 13 -10
 1676 -6 14 -10
 1676 -6 15 -10
 1676 -6 16 -10
 1678 -2 -16 9
 1678 -2 -15 9
 1678 -2 -14 9
 1678 -2 -13 9
 1678 -2 -12 9
 1678 -2 -11 9
 1678 -2 -10 9
 1684 -8 -16 -9
 1733 -3 -16 -14
 1733 -3 -15 -14
 1733 -3 -14 -14
 1735 0 -4 1
 1735 0 -3 1
 1735 0 -2 1
 1735 0 -1 1
 1735 0 0 1
 1735 0 1 1
 1735 0 2 1
 1735 0 3 1
 1735 0 4 1
 1735 0 5 1
 1735 0 6 1
 1735 0 7 1
 1735 0 8 1
 1735 0 9 1
 1735 0 10 1
 1735 0 11 1
 1735 0 12 1
 1735 0 13 1
 1736 1 -16 8
 1736 1 -15 8
 1736 1 -14 8
 1776 6 -16 -11
 1776 6 -15 -11
 1776 6 -14 -11
 1776 6 -13 -11
 1776 6 -12 -11
 1797 -6 -16 -10
 1797 -6 -15 -10
 1797 -6 -14 -10
 1797 -6 -13 -10
 1797 -6 -12 -10
 1797 -6 -11 -10
 1797 -6 -10 -10
 1801 -7 5 -10
 1801 -7 6 -10
 1801 -7 7 -10
 1801 -7 8 -10
 1801 -7 9 -10
 1801 -7 10 -10
 1801 -7 11 -10
 1801 -7 12 -10
 1801 -7 13 -10
 1801 -7 14 -10
 1801 -7 15 -10
 1801 -7 16 -10
 1803 -10 -16 3
 1803 -10 -15 3
 1803 -10 -14 3
 1803 -10 -13 3
 1803 -10 -12 3
 1803 -10 -11 3
 1803 -10 -10 3
 1803 -10 -9 3
 1803 -10 -8 3
 1803 -10 -7 3
 1803 -10 -6 3
 1803 -10 -5 3
 1803 -10 -4 3
 1878 -2 -5 12
 1878 -2 -4 12
 1878 -2 -3 12
 1878 -2 -2 12
 1878 -2 -1 12
 1878 -2 0 12
 1878 -2 1 12
 1878 -2 2 12
 1878 -2 3 12
 1878 -2 4 12
 1878 -2 5 12
 1878 -2 6 12
 1878 -2 7 12
 1878 -2 8 12
 1878 -2 9 12
 1878 -2 10 12
 1878 -2 11 12
 1878 -2 12 12
 1884 -5 -16 10
 1884 -5 -15 10
 1884 -5 -14 10
 1884 -5 -13 10
 1884 -5 -12 10
 1884 -5 -11 10
 1909 1 -16 9
 1909 1 -15 9
 1909 1 -14 9
 1909 1 -13 9
 1909 1 -12 9
 1909 1 -11 9
 1909 1 -10 9
 1909 1 -9 9
 1909 1 -8 9
 1909 1 -7 9
 1909 1 -6 9
 1909 1 -5 9
 1909 1 -4 9
 1909 1 -3 9
 1909 1 -2 9
 1909 1 -1 9
 1909 1 0 9
 1920 -4 -16 -14
 1920 -4 -15 -14
 1920 -4 -14 -14
 1920 -4 -13 -14
 1920 -4 -12 -14
 1920 -4 -11 -14
 1920 -4 -10 -14
 1920 -4 -9 -14
 1920 -4 -8 -14
 1920 -4 -7 -14
 1920 -4 -6 -14
 1920 -4 -5 -14
 1920 -4 -4 -14
 1920 -4 -3 -14
 1920 -4 -2 -14
 1920 -4 -1 -14
 1920 -4 0 -14
 1920 -4 1 -14
 1977 -14 -16 -1
 1977 -14 -15 -1
 1977 -14 -14 -1
 1977 -14 -13 -1
 1977 -14 -12 -1
 1977 -14 -11 -1
 1977 -14 -10 -1
 1977 -14 -9 -1
 1977 -14 -8 -1
 1977 -14 -7 -1
 1977 -14 -6 -1
 1977 -14 -5 -1
 1977 -14 -4 -1
 1977 -14 -3 -1
 1977 -14 -2 -1
 1983 -8 -16 -8
 2000 6 -7 -7
 2000 6 -6 -7
 2000 6 -5 -7
 2000 6 -4 -7
 2000 6 -3 -7
 2000 6 -2 -7
 2000 6 -1 -7
 2000 6 0 -7
 2000 6 1 -7
 2000 6 2 -7
 2000 6 3 -7
 2000 6 4 -7
 2000 6 5 -7
 2000 6 6 -7
 2000 6 7 -7
 2000 6 8 -7
 2000 6 9 -7
 2000 6 10 -7
 2027 7 11 -4
 2027 7 12 -4
 2027 7 13 -4
 2027 7 14 -4
 2027 7 15 -4
 2027 7 16 -4
 2037 -11 -16 4
 2037 -11 -15 4
 2037 -11 -14 4
 2037 -11 -13 4
 2045 -15 -11 -1
 2045 -15 -10 -1
 2045 -15 -9 -1
 2045 -15 -8 -1
 2045 -15 -7 -1
 2045 -15 -6 -1
 2045 -15 -5 -1
 2045 -15 -4 -1
 2045 -15 -3 -1
 2045 -15 -2 -1
 2045 -15 -1 -1
 2045 -15 0 -1
 2045 -15 1 -1
 2045 -15 2 -1
 2045 -15 3 -1
 2045 -15 4 -1
 2045 -15 5 -1
 2045 -15 6 -1
 2080 -14 11 3
 2080 -14 12 3
 2080 -14 13 3
 2080 -14 14 3
 2080 -14 15 3
 2080 -14 16 3
 2087 8 2 -4
 2087 8 3 -4
 2087 8 4 -4
 2087 8 5 -4
 2087 8 6 -4
 2087 8 7 -4
 2087 8 8 -4
 2087 8 9 -4
 2087 8 10 -4
 2087 8 11 -4
 2087 8 12 -4
 2087 8 13 -4
 2087 8 14 -4
 2087 8 15 -4
 2087 8 16 -4
 2120 7 -9 -7
 2120 7 -8 -7
 2120 7 -7 -7
 2120 7 -6 -7
 2120 7 -5 -7
 2120 7 -4 -7
 2120 7 -3 -7
 2120 7 -2 -7
 2120 7 -1 -7
 2120 7 0 -7
 2120 7 1 -7
 2120 7 2 -7
 2120 7 3 -7
 2120 7 4 -7
 2120 7 5 -7
 2120 7 6 -7
 2120 7 7 -7
 2120 7 8 -7
 2127 -15 5 -2
 2127 -15 6 -2
 2127 -15 7 -2
 2127 -15 8 -2
 2127 -15 9 -2
 2127 -15 10 -2
 2127 -15 11 -2
 2127 -15 12 -2
 2127 -15 13 -2
 2127 -15 14 -2
 2127 -15 15 -2
 2127 -15 16 -2
 2191 1 -2 -7
 2191 1 -1 -7
 2191 1 0 -7
 2191 1 1 -7
 2191 1 2 -7
 2191 1 3 -7
 2191 1 4 -7
 2191 1 5 -7
 2191 1 6 -7
 2191 1 7 -7
 2191 1 8 -7
 2191 1 9 -7
 2191 1 10 -7
 2191 1 11 -7
 2191 1 12 -7
 2191 1 13 -7
 2191 1 14 -7
 2191 1 15 -7
 2292 -6 -16 9
 2292 -6 -15 9
 2292 -6 -14 9
 2292 -6 -13 9
 2292 -6 -12 9
 2292 -6 -11 9
 2292 -6 -10 9
 2292 -6 -9 9
 2292 -6 -8 9
 2292 -6 -7 9
 2292 -6 -6 9
 2292 -6 -5 9
 2292 -6 -4 9
 2292 -6 -3 9
 2292 -6 -2 9
 2292 -6 -1 9
 2327 9 -3 -4
 2327 9 -2 -4
 2327 9 -1 -4
 2327 9 0 -4
 2327 9 1 -4
 2327 9 2 -4
 2327 9 3 -4
 2327 9 4 -4
 2327 9 5 -4
 2327 9 6 -4
 2327 9 7 -4
 2327 9 8 -4
 2327 9 9 -4
 2327 9 10 -4
 2327 9 11 -4
 2327 9 12 -4
 2327 9 13 -4
 2327 9 14 -4
 2365 2 -4 9
 2365 2 -3 9
 2365 2 -2 9
 2365 2 -1 9
 2365 2 0 9
 2365 2 1 9
 2365 2 2 9
 2365 2 3 9
 2365 2 4 9
 2365 2 5 9
 2365 2 6 9
 2365 2 7 9
 2365 2 8 9
 2365 2 9 9
 2365 2 10 9
 2365 2 11 9
 2365 2 12 9
 2365 2 13 9
 2391 -2 14 9
 2391 -2 15 9
 2391 -2 16 9
 2404 -8 -7 8
 2404 -8 -6 8
 2404 -8 -5 8
 2404 -8 -4 8
 2404 -8 -3 8
 2404 -8 -2 8
 2404 -8 -1 8
 2404 -8 0 8
 2404 -8 1 8
 2404 -8 2 8
 2404 -8 3 8
 2404 -8 4 8
 2404 -8 5 8
 2404 -8 6 8
 2404 -8 7 8
 2404 -8 8 8
 2404 -8 9 8
 2404 -8 10 8
 2416 -3 6 10
 2416 -3 7 10
 2416 -3 8 10
 2416 -3 9 10
 2416 -3 10 10
 2416 -3 11 10
 2416 -3 12 10
 2416 -3 13 10
 2416 -3 14 10
 2416 -3 15 10
 2416 -3 16 10
 2450 -16 -11 -1
 2450 -16 -10 -1
 2450 -16 -9 -1
 2450 -16 -8 -1
 2450 -16 -7 -1
 2450 -16 -6 -1
 2450 -16 -5 -1
 2450 -16 -4 -1
 2450 -16 -3 -1
 2450 -16 -2 -1
 2450 -16 -1 -1
 2450 -16 0 -1
 2450 -16 1 -1
 2450 -16 2 -1
 2450 -16 3 -1
 2450 -16 4 -1
 2450 -16 5 -1
 2450 -16 6 -1
 2563 -14 -6 2
 2563 -14 -5 2
 2563 -14 -4 2
 2563 -14 -3 2
 2563 -14 -2 2
 2563 -14 -1 2
 2563 -14 0 2
 2563 -14 1 2
 2563 -14 2 2
 2563 -14 3 2
 2563 -14 4 2
 2563 -14 5 2
 2563 -14 6 2
 2563 -14 7 2
 2563 -14 8 2
 2563 -14 9 2
 2563 -14 10 2
 2563 -14 11 2
 2599 2 -12 10
 2599 2 -11 10
 2599 2 -10 10
 2599 2 -9 10
 2599 2 -8 10
 2599 2 -7 10
 2599 2 -6 10
 2599 2 -5 10
 2599 2 -4 10
 2599 2 -3 10
 2599 2 -2 10
 2599 2 -1 10
 2599 2 0 10
 2599 2 1 10
 2599 2 2 10
 2599 2 3 10
 2599 2 4 10
 2599 2 5 10
 2651 -9 -16 -9
 2651 -9 -15 -9
 2659 -6 -15 10
 2659 -6 -14 10
 2659 -6 -13 10
 2659 -6 -12 10
 2659 -6 -11 10
 2659 -6 -10 10
 2659 -6 -9 10
 2659 -6 -8 10
 2659 -6 -7 10
 2659 -6 -6 10
 2659 -6 -5 10
 2659 -6 -4 10
 2659 -6 -3 10
 2659 -6 -2 10
 2659 -6 -1 10
 2659 -6 0 10
 2659 -6 1 10
 2659 -6 2 10
 2671 -6 -16 11
 2671 -6 -15 11
 2671 -6 -14 11
 2671 -6 -13 11
 2671 -6 -12 11
 2671 -6 -11 11
 2671 -6 -10 11
 2671 -6 -9 11
 2671 -6 -8 11
 2671 -6 -7 11
 2671 -6 -6 11
 2671 -6 -5 11
 2684 2 5 11
 2684 2 6 11
 2684 2 7 11
 2684 2 8 11
 2684 2 9 11
 2684 2 10 11
 2684 2 11 11
 2684 2 12 11
 2684 2 13 11
 2684 2 14 11
 2684 2 15 11
 2684 2 16 11
 2712 10 12 -4
 2712 10 13 -4
 2712 10 14 -4
 2712 10 15 -4
 2712 10 16 -4
 2755 -2 -16 12
 2755 -2 -15 12
 2755 -2 -14 12
 2755 -2 -13 12
 2755 -2 -12 12
 2755 -2 -11 12
 2755 -2 -10 12
 2755 -2 -9 12
 2755 -2 -8 12
 2760 11 -16 -8
 2760 11 -15 -8
 2760 11 -14 -8
 2760 11 -13 -8
 2760 11 -12 -8
 2760 11 -11 -8
 2760 11 -10 -8
 2760 11 -9 -8
 2760 11 -8 -8
 2760 11 -7 -8
 2760 11 -6 -8
 2760 11 -5 -8
 2760 11 -4 -8
 2769 -2 -10 -7
 2769 -2 -9 -7
 2769 -2 -8 -7
 2769 -2 -7 -7
 2769 -2 -6 -7
 2769 -2 -5 -7
 2769 -2 -4 -7
 2769 -2 -3 -7
 2769 -2 -2 -7
 2769 -2 -1 -7
 2769 -2 0 -7
 2769 -2 1 -7
 2769 -2 2 -7
 2769 -2 3 -7
 2769 -2 4 -7
 2769 -2 5 -7
 2769 -2 6 -7
 2769 -2 7 -7
 2843 -15 -12 0
 2843 -15 -11 0
 2843 -15 -10 0
 2843 -15 -9 0
 2843 -15 -8 0
 2843 -15 -7 0
 2843 -15 -6 0
 2843 -15 -5 0
 2843 -15 -4 0
 2843 -15 -3 0
 2843 -15 -2 0
 2843 -15 -1 0
 2843 -15 0 0
 2843 -15 1 0
 2843 -15 2 0
 2843 -15 3 0
 2843 -15 4 0
 2843 -15 5 0
 2867 -2 -16 13
 2867 -2 -15 13
 2867 -2 -14 13
 2904 -8 -16 7
 2910 -14 8 4
 2910 -14 9 4
 2910 -14 10 4
 2910 -14 11 4
 2910 -14 12 4
 2910 -14 13 4
 2910 -14 14 4
 2910 -14 15 4
 2910 -14 16 4
 2935 -5 5 -10
 2935 -5 6 -10
 2935 -5 7 -10
 2935 -5 8 -10
 2935 -5 9 -10
 2935 -5 10 -10
 2935 -5 11 -10
 2935 -5 12 -10
 2935 -5 13 -10
 2935 -5 14 -10
 2935 -5 15 -10
 2935 -5 16 -10
 2940 -14 -16 5
 2940 -14 -15 5
 2957 -15 -16 -1
 2957 -15 -15 -1
 2957 -15 -14 -1
 2983 6 -16 3
 3020 -2 -16 14
 3020 -2 -15 14
 3020 -2 -14 14
 3020 -2 -13 14
 3020 -2 -12 14
 3040 -7 4 8
 3040 -7 5 8
 3040 -7 6 8
 3040 -7 7 8
 3040 -7 8 8
 3040 -7 9 8
 3040 -7 10 8
 3040 -7 11 8
 3040 -7 12 8
 3040 -7 13 8
 3040 -7 14 8
 3040 -7 15 8
 3040 -7 16 8
 3044 12 -16 -9
 3044 12 -15 -9
 3044 12 -14 -9
 3044 12 -13 -9
 3044 12 -12 -9
 3061 -1 -16 14
 3061 -1 -15 14
 3061 -1 -14 14
 3061 -1 -13 14
 3061 -1 -12 14
 3061 -1 -11 14
 3061 -1 -10 14
 3061 -1 -9 14
 3061 -1 -8 14
 3061 -1 -7 14
 3061 -1 -6 14
 3061 -1 -5 14
 3087 13 -16 -9
 3087 13 -15 -9
 3087 13 -14 -9
 3087 13 -13 -9
 3087 13 -12 -9
 3115 1 11 14
 3115 1 12 14
 3115 1 13 14
 3115 1 14 14
 3115 1 15 14
 3115 1 16 14
 3122 -6 -16 -11
 3122 -6 -15 -11
 3122 -6 -14 -11
 3122 -6 -13 -11
 3122 -6 -12 -11
 3122 -6 -11 -11
 3122 -6 -10 -11
 3122 -6 -9 -11
 3122 -6 -8 -11
 3122 -6 -7 -11
 3122 -6 -6 -11
 3122 -6 -5 -11
 3122 -6 -4 -11
 3122 -6 -3 -11
 3122 -6 -2 -11
 3122 -6 -1 -11
 3122 -6 0 -11
 3156 -6 -8 -12
 3156 -6 -7 -12
 3156 -6 -6 -12
 3156 -6 -5 -12
 3156 -6 -4 -12
 3156 -6 -3 -12
 3156 -6 -2 -12
 3156 -6 -1 -12
 3156 -6 0 -12
 3156 -6 1 -12
 3156 -6 2 -12
 3156 -6 3 -12
 3156 -6 4 -12
 3156 -6 5 -12
 3156 -6 6 -12
 3156 -6 7 -12
 3156 -6 8 -12
 3156 -6 9 -12
 3201 1 4 15
 3201 1 5 15
 3201 1 6 15
 3201 1 7 15
 3201 1 8 15
 3201 1 9 15
 3201 1 10 15
 3201 1 11 15
 3201 1 12 15
 3201 1 13 15
 3201 1 14 15
 3201 1 15 15
 3201 1 16 15
 3268 -16 -4 0
 3268 -16 -3 0
 3268 -16 -2 0
 3268 -16 -1 0
 3268 -16 0 0
 3268 -16 1 0
 3268 -16 2 0
 3268 -16 3 0
 3268 -16 4 0
 3268 -16 5 0
 3268 -16 6 0
 3268 -16 7 0
 3268 -16 8 0
 3268 -16 9 0
 3268 -16 10 0
 3268 -16 11 0
 3268 -16 12 0
 3268 -16 13 0
 3272 12 -16 -10
 3272 12 -15 -10
 3272 12 -14 -10
 3272 12 -13 -10
 3272 12 -12 -10
 3272 12 -11 -10
 3272 12 -10 -10
 3272 12 -9 -10
 3272 12 -8 -10
 3272 12 -7 -10
 3274 4 16 11
 3291 0 -11 15
 3291 0 -10 15
 3291 0 -9 15
 3291 0 -8 15
 3291 0 -7 15
 3291 0 -6 15
 3291 0 -5 15
 3291 0 -4 15
 3291 0 -3 15
 3291 0 -2 15
 3291 0 -1 15
 3291 0 0 15
 3291 0 1 15
 3291 0 2 15
 3291 0 3 15
 3291 0 4 15
 3291 0 5 15
 3291 0 6 15
 3310 -1 -16 -14
 3310 -1 -15 -14
 3310 -1 -14 -14
 3310 -1 -13 -14
 3310 -1 -12 -14
 3310 -1 -11 -14
 3310 -1 -10 -14
 3310 -1 -9 -14
 3383 1 16 16
 3416 -5 -4 -12
 3416 -5 -3 -12
 3416 -5 -2 -12
 3416 -5 -1 -12
 3416 -5 0 -12
 3416 -5 1 -12
 3416 -5 2 -12
 3416 -5 3 -12
 3416 -5 4 -12
 3416 -5 5 -12
 3416 -5 6 -12
 3416 -5 7 -12
 3416 -5 8 -12
 3416 -5 9 -12
 3416 -5 10 -12
 3416 -5 11 -12
 3416 -5 12 -12
 3416 -5 13 -12
 3449 -2 -16 15
 3449 -2 -15 15
 3449 -2 -14 15
 3449 -2 -13 15
 3484 -8 -5 9
 3484 -8 -4 9
 3484 -8 -3 9
 3484 -8 -2 9
 3484 -8 -1 9
 3484 -8 0 9
 3484 -8 1 9
 3484 -8 2 9
 3484 -8 3 9
 3484 -8 4 9
 3484 -8 5 9
 3484 -8 6 9
 3484 -8 7 9
 3484 -8 8 9
 3484 -8 9 9
 3484 -8 10 9
 3484 -8 11 9
 3484 -8 12 9
 3589 -4 14 11
 3589 -4 15 11
 3589 -4 16 11
 3591 -4 2 10
 3591 -4 3 10
 3591 -4 4 10
 3591 -4 5 10
 3591 -4 6 10
 3591 -4 7 10
 3591 -4 8 10
 3591 -4 9 10
 3591 -4 10 10
 3591 -4 11 10
 3591 -4 12 10
 3591 -4 13 10
 3591 -4 14 10
 3591 -4 15 10
 3591 -4 16 10
 3650 11 14 -4
 3650 11 15 -4
 3650 11 16 -4
 3712 14 -16 -8
 3712 14 -15 -8
 3712 14 -14 -8
 3712 14 -13 -8
 3712 14 -12 -8
 3712 14 -11 -8
 3712 14 -10 -8
 3712 14 -9 -8
 3743 -14 5 5
 3743 -14 6 5
 3743 -14 7 5
 3743 -14 8 5
 3743 -14 9 5
 3743 -14 10 5
 3743 -14 11 5
 3743 -14 12 5
 3743 -14 13 5
 3743 -14 14 5
 3743 -14 15 5
 3743 -14 16 5
 3753 -5 -14 11
 3753 -5 -13 11
 3753 -5 -12 11
 3753 -5 -11 11
 3753 -5 -10 11
 3753 -5 -9 11
 3753 -5 -8 11
 3753 -5 -7 11
 3753 -5 -6 11
 3753 -5 -5 11
 3753 -5 -4 11
 3753 -5 -3 11
 3753 -5 -2 11
 3753 -5 -1 11
 3753 -5 0 11
 3753 -5 1 11
 3753 -5 2 11
 3753 -5 3 11
 3827 -15 2 5
 3827 -15 3 5
 3827 -15 4 5
 3827 -15 5 5
 3827 -15 6 5
 3827 -15 7 5
 3827 -15 8 5
 3827 -15 9 5
 3827 -15 10 5
 3827 -15 11 5
 3827 -15 12 5
 3827 -15 13 5
 3827 -15 14 5
 3827 -15 15 5
 3827 -15 16 5
 3858 -15 -9 6
 3858 -15 -8 6
 3858 -15 -7 6
 3858 -15 -6 6
 3858 -15 -5 6
 3858 -15 -4 6
 3858 -15 -3 6
 3858 -15 -2 6
 3858 -15 -1 6
 3858 -15 0 6
 3858 -15 1 6
 3858 -15 2 6
 3858 -15 3 6
 3858 -15 4 6
 3858 -15 5 6
 3858 -15 6 6
 3858 -15 7 6
 3858 -15 8 6
 3988 -6 -16 12
 3988 -6 -15 12
 3988 -6 -14 12
 3988 -6 -13 12
 3988 -6 -12 12
 3988 -6 -11 12
 3988 -6 -10 12
 3988 -6 -9 12
 3988 -6 -8 12
 3988 -6 -7 12
 3988 -6 -6 12
 3988 -6 -5 12
 3988 -6 -4 12
 3988 -6 -3 12
 4006 -16 -16 6
 4006 -16 -15 6
 4006 -16 -14 6
 4006 -16 -13 6
 4006 -16 -12 6
 4006 -16 -11 6
 4006 -16 -10 6
 4006 -16 -9 6
 4006 -16 -8 6
 4006 -16 -7 6
 4006 -16 -6 6
 4006 -16 -5 6
 4006 -16 -4 6
 4006 -16 -3 6
 4006 -16 -2 6
 4015 -16 -16 7
 4015 -16 -15 7
 4015 -16 -14 7
 4015 -16 -13 7
 4015 -16 -12 7
 4015 -16 -11 7
 4015 -16 -10 7
 4111 11 10 -5
 4111 11 11 -5
 4111 11 12 -5
 4111 11 13 -5
 4111 11 14 -5
 4111 11 15 -5
 4111 11 16 -5
 4225 -3 -16 15
 4225 -3 -15 15
 4225 -3 -14 15
 4225 -3 -13 15
 4225 -3 -12 15
 4225 -3 -11 15
 4225 -3 -10 15
 4225 -3 -9 15
 4225 -3 -8 15
 4225 -3 -7 15
 4225 -3 -6 15
 4225 -3 -5 15
 4225 -3 -4 15
 4225 -3 -3 15
 4225 -3 -2 15
 4225 -3 -1 15
 4225 -3 0 15
 4239 -12 16 -7
 4259 -7 -9 -12
 4259 -7 -8 -12
 4259 -7 -7 -12
 4259 -7 -6 -12
 4259 -7 -5 -12
 4259 -7 -4 -12
 4259 -7 -3 -12
 4259 -7 -2 -12
 4259 -7 -1 -12
 4259 -7 0 -12
 4259 -7 1 -12
 4259 -7 2 -12
 4259 -7 3 -12
 4259 -7 4 -12
 4259 -7 5 -12
 4259 -7 6 -12
 4259 -7 7 -12
 4259 -7 8 -12
 4270 -7 8 -11
 4270 -7 9 -11
 4270 -7 10 -11
 4270 -7 11 -11
 4270 -7 12 -11
 4270 -7 13 -11
 4270 -7 14 -11
 4270 -7 15 -11
 4270 -7 16 -11
 4289 12 10 -5
 4289 12 11 -5
 4289 12 12 -5
 4289 12 13 -5
 4289 12 14 -5
 4289 12 15 -5
 4289 12 16 -5
 4300 2 -16 11
 4300 2 -15 11
 4300 2 -14 11
 4300 2 -13 11
 4300 2 -12 11
 4399 11 12 -3
 4399 11 13 -3
 4399 11 14 -3
 4399 11 15 -3
 4399 11 16 -3
 4433 -8 -6 10
 4433 -8 -5 10
 4433 -8 -4 10
 4433 -8 -3 10
 4433 -8 -2 10
 4433 -8 -1 10
 4433 -8 0 10
 4433 -8 1 10
 4433 -8 2 10
 4433 -8 3 10
 4433 -8 4 10
 4433 -8 5 10
 4433 -8 6 10
 4433 -8 7 10
 4433 -8 8 10
 4433 -8 9 10
 4433 -8 10 10
 4433 -8 11 10
 4436 -1 -16 16
 4436 -1 -15 16
 4436 -1 -14 16
 4436 -1 -13 16
 4436 -1 -12 16
 4436 -1 -11 16
 4436 -1 -10 16
 4436 -1 -9 16
 4436 -1 -8 16
 4436 -1 -7 16
 4436 -1 -6 16
 4436 -1 -5 16
 4484 1 -16 15
 4484 1 -15 15
 4484 1 -14 15
 4484 1 -13 15
 4484 1 -12 15
 4484 1 -11 15
 4484 1 -10 15
 4511 11 -10 -7
 4511 11 -9 -7
 4511 11 -8 -7
 4511 11 -7 -7
 4511 11 -6 -7
 4511 11 -5 -7
 4511 11 -4 -7
 4511 11 -3 -7
 4511 11 -2 -7
 4511 11 -1 -7
 4511 11 0 -7
 4511 11 1 -7
 4511 11 2 -7
 4511 11 3 -7
 4511 11 4 -7
 4511 11 5 -7
 4511 11 6 -7
 4511 11 7 -7
 4621 15 -13 -8
 4621 15 -12 -8
 4621 15 -11 -8
 4621 15 -10 -8
 4621 15 -9 -8
 4621 15 -8 -8
 4621 15 -7 -8
 4621 15 -6 -8
 4621 15 -5 -8
 4621 15 -4 -8
 4621 15 -3 -8
 4621 15 -2 -8
 4621 15 -1 -8
 4621 15 0 -8
 4621 15 1 -8
 4621 15 2 -8
 4621 15 3 -8
 4621 15 4 -8
 4722 -15 -15 -2
 4722 -15 -14 -2
 4722 -15 -13 -2
 4722 -15 -12 -2
 4722 -15 -11 -2
 4722 -15 -10 -2
 4722 -15 -9 -2
 4722 -15 -8 -2
 4722 -15 -7 -2
 4722 -15 -6 -2
 4722 -15 -5 -2
 4722 -15 -4 -2
 4722 -15 -3 -2
 4722 -15 -2 -2
 4722 -15 -1 -2
 4722 -15 0 -2
 4722 -15 1 -2
 4722 -15 2 -2
 4778 1 2 18
 4778 1 3 18
 4778 1 4 18
 4778 1 5 18
 4778 1 6 18
 4778 1 7 18
 4778 1 8 18
 4778 1 9 18
 4778 1 10 18
 4778 1 11 18
 4778 1 12 18
 4778 1 13 18
 4778 1 14 18
 4778 1 15 18
 4778 1 16 18
 5068 -15 4 7
 5068 -15 5 7
 5068 -15 6 7
 5068 -15 7 7
 5068 -15 8 7
 5068 -15 9 7
 5068 -15 10 7
 5068 -15 11 7
 5068 -15 12 7
 5068 -15 13 7
 5068 -15 14 7
 5068 -15 15 7
 5068 -15 16 7
 5089 10 -16 -10
 5089 10 -15 -10
 5089 10 -14 -10
 5089 10 -13 -10
 5188 -2 -16 -13
 5188 -2 -15 -13
 5188 -2 -14 -13
 5188 -2 -13 -13
 5188 -2 -12 -13
 5188 -2 -11 -13
 5188 -2 -10 -13
 5188 -2 -9 -13
 5188 -2 -8 -13
 5188 -2 -7 -13
 5188 -2 -6 -13
 5188 -2 -5 -13
 5188 -2 -4 -13
 5188 -2 -3 -13
 5188 -2 -2 -13
 5215 1 2 19
 5215 1 3 19
 5215 1 4 19
 5215 1 5 19
 5215 1 6 19
 5215 1 7 19
 5215 1 8 19
 5215 1 9 19
 5215 1 10 19
 5215 1 11 19
 5215 1 12 19
 5215 1 13 19
 5215 1 14 19
 5215 1 15 19
 5215 1 16 19
 5279 -2 -12 -14
 5279 -2 -11 -14
 5279 -2 -10 -14
 5279 -2 -9 -14
 5279 -2 -8 -14
 5279 -2 -7 -14
 5279 -2 -6 -14
 5279 -2 -5 -14
 5279 -2 -4 -14
 5279 -2 -3 -14
 5279 -2 -2 -14
 5279 -2 -1 -14
 5279 -2 0 -14
 5279 -2 1 -14
 5279 -2 2 -14
 5279 -2 3 -14
 5279 -2 4 -14
 5279 -2 5 -14
 5495 12 10 -6
 5495 12 11 -6
 5495 12 12 -6
 5495 12 13 -6
 5495 12 14 -6
 5495 12 15 -6
 5495 12 16 -6
 5511 -3 11 13
 5511 -3 12 13
 5511 -3 13 13
 5511 -3 14 13
 5511 -3 15 13
 5511 -3 16 13
 5802 1 13 20
 5802 1 14 20
 5802 1 15 20
 5802 1 16 20
 5825 -8 -11 -9
 5825 -8 -10 -9
 5825 -8 -9 -9
 5825 -8 -8 -9
 5825 -8 -7 -9
 5825 -8 -6 -9
 5825 -8 -5 -9
 5825 -8 -4 -9
 5825 -8 -3 -9
 5825 -8 -2 -9
 5825 -8 -1 -9
 5825 -8 0 -9
 5825 -8 1 -9
 5825 -8 2 -9
 5825 -8 3 -9
 5825 -8 4 -9
 5825 -8 5 -9
 5825 -8 6 -9
 5926 5 10 -7
 5926 5 11 -7
 5926 5 12 -7
 5926 5 13 -7
 5926 5 14 -7
 5926 5 15 -7
 5926 5 16 -7
 5948 -5 -10 -4
 5948 -5 -9 -4
 5948 -5 -8 -4
 5948 -5 -7 -4
 5948 -5 -6 -4
 5948 -5 -5 -4
 5948 -5 -4 -4
 5948 -5 -3 -4
 5948 -5 -2 -4
 5948 -5 -1 -4
 5948 -5 0 -4
 5948 -5 1 -4
 5948 -5 2 -4
 5948 -5 3 -4
 5948 -5 4 -4
 5948 -5 5 -4
 5948 -5 6 -4
 5948 -5 7 -4
 5990 15 -2 -9
 5990 15 -1 -9
 5990 15 0 -9
 5990 15 1 -9
 5990 15 2 -9
 5990 15 3 -9
 5990 15 4 -9
 5990 15 5 -9
 5990 15 6 -9
 5990 15 7 -9
 5990 15 8 -9
 5990 15 9 -9
 5990 15 10 -9
 5990 15 11 -9
 5990 15 12 -9
 5990 15 13 -9
 5990 15 14 -9
 5990 15 15 -9
 6082 -6 -14 13
 6082 -6 -13 13
 6082 -6 -12 13
 6082 -6 -11 13
 6082 -6 -10 13
 6082 -6 -9 13
 6082 -6 -8 13
 6082 -6 -7 13
 6082 -6 -6 13
 6082 -6 -5 13
 6082 -6 -4 13
 6082 -6 -3 13
 6082 -6 -2 13
 6082 -6 -1 13
 6082 -6 0 13
 6082 -6 1 13
 6082 -6 2 13
 6082 -6 3 13
 6128 -9 -16 -10
 6128 -9 -15 -10
 6128 -9 -14 -10
 6128 -9 -13 -10
 6128 -9 -12 -10
 6128 -9 -11 -10
 6128 -9 -10 -10
 6128 -9 -9 -10
 6128 -9 -8 -10
 6128 -9 -7 -10
 6128 -9 -6 -10
 6128 -9 -5 -10
 6207 2 11 17
 6207 2 12 17
 6207 2 13 17
 6207 2 14 17
 6207 2 15 17
 6207 2 16 17
 6335 -2 -16 -16
 6335 -2 -15 -16
 6335 -2 -14 -16
 6335 -2 -13 -16
 6335 -2 -12 -16
 6524 -3 -3 16
 6524 -3 -2 16
 6524 -3 -1 16
 6524 -3 0 16
 6524 -3 1 16
 6524 -3 2 16
 6524 -3 3 16
 6524 -3 4 16
 6524 -3 5 16
 6524 -3 6 16
 6524 -3 7 16
 6524 -3 8 16
 6524 -3 9 16
 6524 -3 10 16
 6524 -3 11 16
 6524 -3 12 16
 6524 -3 13 16
 6524 -3 14 16
 6639 4 -16 9
 6639 4 -15 9
 6639 4 -14 9
 6639 4 -13 9
 6639 4 -12 9
 6639 4 -11 9
 6639 4 -10 9
 6639 4 -9 9
 6639 4 -8 9
 6639 4 -7 9
 6639 4 -6 9
 6639 4 -5 9
 6639 4 -4 9
 6639 4 -3 9
 6639 4 -2 9
 6639 4 -1 9
 6639 4 0 9
 6645 -1 -16 17
 6645 -1 -15 17
 6645 -1 -14 17
 6645 -1 -13 17
 6645 -1 -12 17
 6645 -1 -11 17
 6645 -1 -10 17
 6645 -1 -9 17
 6645 -1 -8 17
 6645 -1 -7 17
 6645 -1 -6 17
 6645 -1 -5 17
 6645 -1 -4 17
 6645 -1 -3 17
 6645 -1 -2 17
 6645 -1 -1 17
 6645 -1 0 17
 6645 -1 1 17
 6684 2 -16 16
 6684 2 -15 16
 6684 2 -14 16
 6764 0 13 21
 6764 0 14 21
 6764 0 15 21
 6764 0 16 21
 6801 -14 16 -9
 6802 1 8 22
 6802 1 9 22
 6802 1 10 22
 6802 1 11 22
 6802 1 12 22
 6802 1 13 22
 6802 1 14 22
 6802 1 15 22
 6802 1 16 22
 6832 -2 -16 -18
 6832 -2 -15 -18
 6832 -2 -14 -18
 6832 -2 -13 -18
 6832 -2 -12 -18
 6832 -2 -11 -18
 6840 -10 -16 -9
 6840 -10 -15 -9
 6840 -10 -14 -9
 6840 -10 -13 -9
 6840 -10 -12 -9
 6840 -10 -11 -9
 6840 -10 -10 -9
 6840 -10 -9 -9
 6973 -1 -2 -13
 6973 -1 -1 -13
 6973 -1 0 -13
 6973 -1 1 -13
 6973 -1 2 -13
 6973 -1 3 -13
 6973 -1 4 -13
 6973 -1 5 -13
 6973 -1 6 -13
 6973 -1 7 -13
 6973 -1 8 -13
 6973 -1 9 -13
 6973 -1 10 -13
 6973 -1 11 -13
 6973 -1 12 -13
 6973 -1 13 -13
 6973 -1 14 -13
 6973 -1 15 -13
 6997 16 -16 -8
 6997 16 -15 -8
 6997 16 -14 -8
 6997 16 -13 -8
 6997 16 -12 -8
 6997 16 -11 -8
 6997 16 -10 -8
 6997 16 -9 -8
 6997 16 -8 -8
 6997 16 -7 -8
 6997 16 -6 -8
 6997 16 -5 -8
 6997 16 -4 -8
 7089 1 12 23
 7089 1 13 23
 7089 1 14 23
 7089 1 15 23
 7089 1 16 23
 7103 -1 15 21
 7103 -1 16 21
 7340 3 -16 17
 7340 3 -15 17
 7340 3 -14 17
 7340 3 -13 17
 7473 6 -16 -17
 7473 6 -15 -17
 7473 6 -14 -17
 7473 6 -13 -17
 7473 6 -12 -17
 7473 6 -11 -17
 7473 6 -10 -17
 7509 -3 -16 17
 7509 -3 -15 17
 7509 -3 -14 17
 7509 -3 -13 17
 7509 -3 -12 17
 7509 -3 -11 17
 7509 -3 -10 17
 7509 -3 -9 17
 7509 -3 -8 17
 7509 -3 -7 17
 7509 -3 -6 17
 7509 -3 -5 17
 7509 -3 -4 17
 7509 -3 -3 17
 7509 -3 -2 17
 7509 -3 -1 17
 7509 -3 0 17
 7509 -3 1 17
 7589 -2 -16 -19
 7589 -2 -15 -19
 7589 -2 -14 -19
 7589 -2 -13 -19
 7589 -2 -12 -19
 7663 2 -16 17
 7663 2 -15 17
 7663 2 -14 17
 7663 2 -13 17
 7663 2 -12 17
 7663 2 -11 17
 7663 2 -10 17
 7663 2 -9 17
 7663 2 -8 17
 7663 2 -7 17
 7663 2 -6 17
 7663 2 -5 17
 7663 2 -4 17
 7712 2 16 23
 7728 -3 14 17
 7728 -3 15 17
 7728 -3 16 17
 7756 11 14 4
 7756 11 15 4
 7756 11 16 4
 7784 7 -13 -17
 7784 7 -12 -17
 7784 7 -11 -17
 7784 7 -10 -17
 7784 7 -9 -17
 7784 7 -8 -17
 7784 7 -7 -17
 7784 7 -6 -17
 7784 7 -5 -17
 7784 7 -4 -17
 7784 7 -3 -17
 7784 7 -2 -17
 7784 7 -1 -17
 7784 7 0 -17
 7784 7 1 -17
 7784 7 2 -17
 7784 7 3 -17
 7784 7 4 -17
 7907 -3 -16 -18
 7907 -3 -15 -18
 7907 -3 -14 -18
 7907 -3 -13 -18
 7907 -3 -12 -18
 7907 -3 -11 -18
 7907 -3 -10 -18
 8179 -15 0 8
 8179 -15 1 8
 8179 -15 2 8
 8179 -15 3 8
 8179 -15 4 8
 8179 -15 5 8
 8179 -15 6 8
 8179 -15 7 8
 8179 -15 8 8
 8179 -15 9 8
 8179 -15 10 8
 8179 -15 11 8
 8179 -15 12 8
 8179 -15 13 8
 8179 -15 14 8
 8179 -15 15 8
 8179 -15 16 8
 8312 1 9 24
 8312 1 10 24
 8312 1 11 24
 8312 1 12 24
 8312 1 13 24
 8312 1 14 24
 8312 1 15 24
 8312 1 16 24
 8340 0 -5 22
 8340 0 -4 22
 8340 0 -3 22
 8340 0 -2 22
 8340 0 -1 22
 8340 0 0 22
 8340 0 1 22
 8340 0 2 22
 8340 0 3 22
 8340 0 4 22
 8340 0 5 22
 8340 0 6 22
 8340 0 7 22
 8340 0 8 22
 8340 0 9 22
 8340 0 10 22
 8340 0 11 22
 8340 0 12 22
 8373 -11 -16 -9
 8373 -11 -15 -9
 8373 -11 -14 -9
 8373 -11 -13 -9
 8497 2 10 -9
 8497 2 11 -9
 8497 2 12 -9
 8497 2 13 -9
 8497 2 14 -9
 8497 2 15 -9
 8497 2 16 -9
 8564 4 -16 17
 8564 4 -15 17
 8770 3 6 23
 8770 3 7 23
 8770 3 8 23
 8770 3 9 23
 8770 3 10 23
 8770 3 11 23
 8770 3 12 23
 8770 3 13 23
 8770 3 14 23
 8770 3 15 23
 8770 3 16 23
 8866 0 11 23
 8866 0 12 23
 8866 0 13 23
 8866 0 14 23
 8866 0 15 23
 8866 0 16 23
 8938 4 -15 10
 8938 4 -14 10
 8938 4 -13 10
 8938 4 -12 10
 8938 4 -11 10
 8938 4 -10 10
 8938 4 -9 10
 8938 4 -8 10
 8938 4 -7 10
 8938 4 -6 10
 8938 4 -5 10
 8938 4 -4 10
 8938 4 -3 10
 8938 4 -2 10
 8938 4 -1 10
 8938 4 0 10
 8938 4 1 10
 8938 4 2 10
 9066 4 -4 23
 9066 4 -3 23
 9066 4 -2 23
 9066 4 -1 23
 9066 4 0 23
 9066 4 1 23
 9066 4 2 23
 9066 4 3 23
 9066 4 4 23
 9066 4 5 23
 9066 4 6 23
 9066 4 7 23
 9066 4 8 23
 9066 4 9 23
 9066 4 10 23
 9066 4 11 23
 9066 4 12 23
 9066 4 13 23
 9102 -10 -5 -10
 9102 -10 -4 -10
 9102 -10 -3 -10
 9102 -10 -2 -10
 9102 -10 -1 -10
 9102 -10 0 -10
 9102 -10 1 -10
 9102 -10 2 -10
 9102 -10 3 -10
 9102 -10 4 -10
 9102 -10 5 -10
 9102 -10 6 -10
 9102 -10 7 -10
 9102 -10 8 -10
 9102 -10 9 -10
 9102 -10 10 -10
 9102 -10 11 -10
 9102 -10 12 -10
 9159 -3 -14 -19
 9159 -3 -13 -19
 9159 -3 -12 -19
 9159 -3 -11 -19
 9159 -3 -10 -19
 9159 -3 -9 -19
 9159 -3 -8 -19
 9159 -3 -7 -19
 9159 -3 -6 -19
 9159 -3 -5 -19
 9159 -3 -4 -19
 9159 -3 -3 -19
 9159 -3 -2 -19
 9159 -3 -1 -19
 9159 -3 0 -19
 9159 -3 1 -19
 9159 -3 2 -19
 9159 -3 3 -19
 9195 10 -13 -11
 9195 10 -12 -11
 9195 10 -11 -11
 9195 10 -10 -11
 9195 10 -9 -11
 9195 10 -8 -11
 9195 10 -7 -11
 9195 10 -6 -11
 9195 10 -5 -11
 9195 10 -4 -11
 9195 10 -3 -11
 9195 10 -2 -11
 9195 10 -1 -11
 9195 10 0 -11
 9195 10 1 -11
 9195 10 2 -11
 9195 10 3 -11
 9195 10 4 -11
 9201 -3 -16 -20
 9201 -3 -15 -20
 9201 -3 -14 -20
 9201 -3 -13 -20
 9201 -3 -12 -20
 9201 -3 -11 -20
 9201 -3 -10 -20
 9201 -3 -9 -20
 9201 -3 -8 -20
 9201 -3 -7 -20
 9201 -3 -6 -20
 9201 -3 -5 -20
 9201 -3 -4 -20
 9201 -3 -3 -20
 9201 -3 -2 -20
 9201 -3 -1 -20
 9212 4 -15 24
 9212 4 -14 24
 9212 4 -13 24
 9212 4 -12 24
 9212 4 -11 24
 9212 4 -10 24
 9212 4 -9 24
 9212 4 -8 24
 9212 4 -7 24
 9212 4 -6 24
 9212 4 -5 24
 9212 4 -4 24
 9212 4 -3 24
 9212 4 -2 24
 9212 4 -1 24
 9212 4 0 24
 9212 4 1 24
 9212 4 2 24
 9244 4 3 24
 9244 4 4 24
 9244 4 5 24
 9244 4 6 24
 9244 4 7 24
 9244 4 8 24
 9244 4 9 24
 9244 4 10 24
 9244 4 11 24
 9244 4 12 24
 9244 4 13 24
 9244 4 14 24
 9244 4 15 24
 9244 4 16 24
 9271 5 -16 24
 9271 5 -15 24
 9271 5 -14 24
 9271 5 -13 24
 9271 5 -12 24
 9271 5 -11 24
 9271 5 -10 24
 9271 5 -9 24
 9271 5 -8 24
 9271 5 -7 24
 9299 2 4 24
 9299 2 5 24
 9299 2 6 24
 9299 2 7 24
 9299 2 8 24
 9299 2 9 24
 9299 2 10 24
 9299 2 11 24
 9299 2 12 24
 9299 2 13 24
 9299 2 14 24
 9299 2 15 24
 9299 2 16 24
 9337 2 6 25
 9337 2 7 25
 9337 2 8 25
 9337 2 9 25
 9337 2 10 25
 9337 2 11 25
 9337 2 12 25
 9337 2 13 25
 9337 2 14 25
 9337 2 15 25
 9337 2 16 25
 9427 15 -16 -11
 9427 15 -15 -11
 9478 -4 -14 -20
 9478 -4 -13 -20
 9478 -4 -12 -20
 9478 -4 -11 -20
 9478 -4 -10 -20
 9478 -4 -9 -20
 9478 -4 -8 -20
 9478 -4 -7 -20
 9478 -4 -6 -20
 9478 -4 -5 -20
 9478 -4 -4 -20
 9478 -4 -3 -20
 9478 -4 -2 -20
 9478 -4 -1 -20
 9478 -4 0 -20
 9478 -4 1 -20
 9478 -4 2 -20
 9478 -4 3 -20
 9570 6 11 16
 9570 6 12 16
 9570 6 13 16
 9570 6 14 16
 9570 6 15 16
 9570 6 16 16
 9572 6 -16 24
 9572 6 -15 24
 9572 6 -14 24
 9572 6 -13 24
 9572 6 -12 24
 9572 6 -11 24
 9572 6 -10 24
 9572 6 -9 24
 9572 6 -8 24
 9572 6 -7 24
 9572 6 -6 24
 9632 4 -16 11
 9632 4 -15 11
 9632 4 -14 11
 9632 4 -13 11
 9632 4 -12 11
 9632 4 -11 11
 9632 4 -10 11
 9632 4 -9 11
 9632 4 -8 11
 9632 4 -7 11
 9632 4 -6 11
 9632 4 -5 11
 9632 4 -4 11
 9632 4 -3 11
 9632 4 -2 11
 9632 4 -1 11
 9632 4 0 11
 9661 13 4 4
 9661 13 5 4
 9661 13 6 4
 9661 13 7 4
 9661 13 8 4
 9661 13 9 4
 9661 13 10 4
 9661 13 11 4
 9661 13 12 4
 9661 13 13 4
 9661 13 14 4
 9661 13 15 4
 9661 13 16 4
 9688 -15 -16 9
 9688 -15 -15 9
 9688 -15 -14 9
 9688 -15 -13 9
 9688 -15 -12 9
 9688 -15 -11 9
 9688 -15 -10 9
 9688 -15 -9 9
 9688 -15 -8 9
 9688 -15 -7 9
 9688 -15 -6 9
 9688 -15 -5 9
 9688 -15 -4 9
 9688 -15 -3 9
 9688 -15 -2 9
 9688 -15 -1 9
 9688 -15 0 9
 9688 -15 1 9
 9855 1 -4 25
 9855 1 -3 25
 9855 1 -2 25
 9855 1 -1 25
 9855 1 0 25
 9855 1 1 25
 9855 1 2 25
 9855 1 3 25
 9855 1 4 25
 9855 1 5 25
 9855 1 6 25
 9855 1 7 25
 9855 1 8 25
 9855 1 9 25
 9855 1 10 25
 9855 1 11 25
 9855 1 12 25
 9855 1 13 25
 9953 2 -7 26
 9953 2 -6 26
 9953 2 -5 26
 9953 2 -4 26
 9953 2 -3 26
 9953 2 -2 26
 9953 2 -1 26
 9953 2 0 26
 9953 2 1 26
 9953 2 2 26
 9953 2 3 26
 9953 2 4 26
 9953 2 5 26
 9953 2 6 26
 9953 2 7 26
 9953 2 8 26
 9953 2 9 26
 9953 2 10 26
 0 0 -9 0
 0 0 -8 0
 0 0 -7 0
 0 0 -6 0
 0 0 -5 0
 0 0 -4 0
 0 0 -3 0
 0 0 -2 0
 0 0 -1 0
 0 0 0 0
 0 0 1 0
 0 0 2 0
 0 0 3 0
 0 0 4 0
 0 0 5 0
 0 0 6 0
 0 0 7 0
 0 0 8 0
 1 1 -15 0
 1 1 -14 0
 1 1 -13 0
 1 1 -12 0
 1 1 -11 0
 1 1 -10 0
 1 1 -9 0
 1 1 -8 0
 1 1 -7 0
 1 1 -6 0
 1 1 -5 0
 1 1 -4 0
 1 1 -3 0
 1 1 -2 0
 1 1 -1 0
 1 1 0 0
 1 1 1 0
 1 1 2 0
 2 0 -16 -1
 2 0 -15 -1
 2 0 -14 -1
 2 0 -13 -1
 2 0 -12 -1
 2 0 -11 -1
 2 0 -10 -1
 2 0 -9 -1
 2 0 -8 -1
 2 0 -7 -1
 2 0 -6 -1
 2 0 -5 -1
 3 1 -16 1
 3 1 -15 1
 3 1 -14 1
 3 1 -13 1
 3 1 -12 1
 3 1 -11 1
 5 1 -16 -1
 5 1 -15 -1
 7 0 -2 -1
 7 0 -1 -1
 7 0 0 -1
 7 0 1 -1
 7 0 2 -1
 7 0 3 -1
 7 0 4 -1
 7 0 5 -1
 7 0 6 -1
 7 0 7 -1
 7 0 8 -1
 7 0 9 -1
 7 0 10 -1
 7 0 11 -1
 7 0 12 -1
 7 0 13 -1
 7 0 14 -1
 7 0 15 -1
 11 -1 10 -1
 11 -1 11 -1
 11 -1 12 -1
 11 -1 13 -1
 11 -1 14 -1
 11 -1 15 -1
 11 -1 16 -1
 14 -2 -2 -1
 14 -2 -1 -1
 14 -2 0 -1
 14 -2 1 -1
 14 -2 2 -1
 14 -2 3 -1
 14 -2 4 -1
 14 -2 5 -1
 14 -2 6 -1
 14 -2 7 -1
 14 -2 8 -1
 14 -2 9 -1
 14 -2 10 -1
 14 -2 11 -1
 14 -2 12 -1
 14 -2 13 -1
 14 -2 14 -1
 14 -2 15 -1
 15 0 0 -2
 15 0 1 -2
 15 0 2 -2
 15 0 3 -2
 15 0 4 -2
 15 0 5 -2
 15 0 6 -2
 15 0 7 -2
 15 0 8 -2
 15 0 9 -2
 15 0 10 -2
 15 0 11 -2
 15 0 12 -2
 15 0 13 -2
 15 0 14 -2
 15 0 15 -2
 15 0 16 -2
 17 1 -8 1
 17 1 -7 1
 17 1 -6 1
 17 1 -5 1
 17 1 -4 1
 17 1 -3 1
 17 1 -2 1
 17 1 -1 1
 17 1 0 1
 17 1 1 1
 17 1 2 1
 17 1 3 1
 17 1 4 1
 17 1 5 1
 17 1 6 1
 17 1 7 1
 17 1 8 1
 17 1 9 1
 27 -2 8 0
 27 -2 9 0
 27 -2 10 0
 27 -2 11 0
 27 -2 12 0
 27 -2 13 0
 27 -2 14 0
 27 -2 15 0
 27 -2 16 0
 29 -2 8 1
 29 -2 9 1
 29 -2 10 1
 29 -2 11 1
 29 -2 12 1
 29 -2 13 1
 29 -2 14 1
 29 -2 15 1
 29 -2 16 1
 31 -1 3 -2
 31 -1 4 -2
 31 -1 5 -2
 31 -1 6 -2
 31 -1 7 -2
 31 -1 8 -2
 31 -1 9 -2
 31 -1 10 -2
 31 -1 11 -2
 31 -1 12 -2
 31 -1 13 -2
 31 -1 14 -2
 31 -1 15 -2
 31 -1 16 -2
 32 1 1 -2
 32 1 2 -2
 32 1 3 -2
 32 1 4 -2
 32 1 5 -2
 32 1 6 -2
 32 1 7 -2
 32 1 8 -2
 32 1 9 -2
 32 1 10 -2
 32 1 11 -2
 32 1 12 -2
 32 1 13 -2
 32 1 14 -2
 32 1 15 -2
 32 1 16 -2
 34 -2 15 -2
 34 -2 16 -2
 36 0 4 -3
 36 0 5 -3
 36 0 6 -3
 36 0 7 -3
 36 0 8 -3
 36 0 9 -3
 36 0 10 -3
 36 0 11 -3
 36 0 12 -3
 36 0 13 -3
 36 0 14 -3
 36 0 15 -3
 36 0 16 -3
 37 1 -7 -3
 37 1 -6 -3
 37 1 -5 -3
 37 1 -4 -3
 37 1 -3 -3
 37 1 -2 -3
 37 1 -1 -3
 37 1 0 -3
 37 1 1 -3
 37 1 2 -3
 37 1 3 -3
 37 1 4 -3
 37 1 5 -3
 37 1 6 -3
 37 1 7 -3
 37 1 8 -3
 37 1 9 -3
 37 1 10 -3
 39 -3 -5 1
 39 -3 -4 1
 39 -3 -3 1
 39 -3 -2 1
 39 -3 -1 1
 39 -3 0 1
 39 -3 1 1
 39 -3 2 1
 39 -3 3 1
 39 -3 4 1
 39 -3 5 1
 39 -3 6 1
 39 -3 7 1
 39 -3 8 1
 39 -3 9 1
 39 -3 10 1
 39 -3 11 1
 39 -3 12 1
 40 -1 8 -3
 40 -1 9 -3
 40 -1 10 -3
 40 -1 11 -3
 40 -1 12 -3
 40 -1 13 -3
 40 -1 14 -3
 40 -1 15 -3
 40 -1 16 -3
 89 2 -9 -2
 89 2 -8 -2
 89 2 -7 -2
 89 2 -6 -2
 89 2 -5 -2
 89 2 -4 -2
 89 2 -3 -2
 89 2 -2 -2
 89 2 -1 -2
 89 2 0 -2
 89 2 1 -2
 89 2 2 -2
 89 2 3 -2
 89 2 4 -2
 89 2 5 -2
 89 2 6 -2
 89 2 7 -2
 89 2 8 -2
 102 2 -8 1
 102 2 -7 1
 102 2 -6 1
 102 2 -5 1
 102 2 -4 1
 102 2 -3 1
 102 2 -2 1
 102 2 -1 1
 102 2 0 1
 102 2 1 1
 102 2 2 1
 102 2 3 1
 102 2 4 1
 102 2 5 1
 102 2 6 1
 102 2 7 1
 102 2 8 1
 102 2 9 1
 103 2 -16 -3
 103 2 -15 -3
 103 2 -14 -3
 103 2 -13 -3
 103 2 -12 -3
 103 2 -11 -3
 103 2 -10 -3
 103 2 -9 -3
 103 2 -8 -3
 103 2 -7 -3
 103 2 -6 -3
 103 2 -5 -3
 103 2 -4 -3
 103 2 -3 -3
 112 -4 -16 1
 114 -2 -7 2
 114 -2 -6 2
 114 -2 -5 2
 114 -2 -4 2
 114 -2 -3 2
 114 -2 -2 2
 114 -2 -1 2
 114 -2 0 2
 114 -2 1 2
 114 -2 2 2
 114 -2 3 2
 114 -2 4 2
 114 -2 5 2
 114 -2 6 2
 114 -2 7 2
 114 -2 8 2
 114 -2 9 2
 114 -2 10 2
 141 -5 -16 1
 142 -2 1 3
 142 -2 2 3
 142 -2 3 3
 142 -2 4 3
 142 -2 5 3
 142 -2 6 3
 142 -2 7 3
 142 -2 8 3
 142 -2 9 3
 142 -2 10 3
 142 -2 11 3
 142 -2 12 3
 142 -2 13 3
 142 -2 14 3
 142 -2 15 3
 142 -2 16 3
 147 2 -2 0
 147 2 -1 0
 147 2 0 0
 147 2 1 0
 147 2 2 0
 147 2 3 0
 147 2 4 0
 147 2 5 0
 147 2 6 0
 147 2 7 0
 147 2 8 0
 147 2 9 0
 147 2 10 0
 147 2 11 0
 147 2 12 0
 147 2 13 0
 147 2 14 0
 147 2 15 0
 149 0 5 -4
 149 0 6 -4
 149 0 7 -4
 149 0 8 -4
 149 0 9 -4
 149 0 10 -4
 149 0 11 -4
 149 0 12 -4
 149 0 13 -4
 149 0 14 -4
 149 0 15 -4
 149 0 16 -4
 150 2 -16 -4
 150 2 -15 -4
 150 2 -14 -4
 150 2 -13 -4
 150 2 -12 -4
 150 2 -11 -4
 150 2 -10 -4
 157 -1 -16 -3
 157 -1 -15 -3
 157 -1 -14 -3
 157 -1 -13 -3
 157 -1 -12 -3
 157 -1 -11 -3
 157 -1 -10 -3
 157 -1 -9 -3
 157 -1 -8 -3
 166 0 -16 1
 166 0 -15 1
 166 0 -14 1
 166 0 -13 1
 166 0 -12 1
 166 0 -11 1
 166 0 -10 1
 166 0 -9 1
 166 0 -8 1
 166 0 -7 1
 166 0 -6 1
 176 -3 1 -2
 176 -3 2 -2
 176 -3 3 -2
 176 -3 4 -2
 176 -3 5 -2
 176 -3 6 -2
 176 -3 7 -2
 176 -3 8 -2
 176 -3 9 -2
 176 -3 10 -2
 176 -3 11 -2
 176 -3 12 -2
 176 -3 13 -2
 176 -3 14 -2
 176 -3 15 -2
 176 -3 16 -2
 178 -2 -14 -3
 178 -2 -13 -3
 178 -2 -12 -3
 178 -2 -11 -3
 178 -2 -10 -3
 178 -2 -9 -3
 178 -2 -8 -3
 178 -2 -7 -3
 178 -2 -6 -3
 178 -2 -5 -3
 178 -2 -4 -3
 178 -2 -3 -3
 178 -2 -2 -3
 178 -2 -1 -3
 178 -2 0 -3
 178 -2 1 -3
 178 -2 2 -3
 178 -2 3 -3
 181 2 -16 -5
 181 2 -15 -5
 181 2 -14 -5
 181 2 -13 -5
 181 2 -12 -5
 181 2 -11 -5
 181 2 -10 -5
 181 2 -9 -5
 181 2 -8 -5
 181 2 -7 -5
 181 2 -6 -5
 182 -2 -15 4
 182 -2 -14 4
 182 -2 -13 4
 182 -2 -12 4
 182 -2 -11 4
 182 -2 -10 4
 182 -2 -9 4
 182 -2 -8 4
 182 -2 -7 4
 182 -2 -6 4
 182 -2 -5 4
 182 -2 -4 4
 182 -2 -3 4
 182 -2 -2 4
 182 -2 -1 4
 182 -2 0 4
 182 -2 1 4
 182 -2 2 4
 193 3 -16 1
 193 3 -15 1
 193 3 -14 1
 193 3 -13 1
 193 3 -12 1
 193 3 -11 1
 193 3 -10 1
 193 3 -9 1
 193 3 -8 1
 193 3 -7 1
 193 3 -6 1
 193 3 -5 1
 195 2 10 -2
 195 2 11 -2
 195 2 12 -2
 195 2 13 -2
 195 2 14 -2
 195 2 15 -2
 195 2 16 -2
 196 3 -16 -5
 196 3 -15 -5
 196 3 -14 -5
 196 3 -13 -5
 196 3 -12 -5
 196 3 -11 -5
 196 3 -10 -5
 196 3 -9 -5
 196 3 -8 -5
 196 3 -7 -5
 196 3 -6 -5
 196 3 -5 -5
 196 3 -4 -5
 196 3 -3 -5
 196 3 -2 -5
 196 3 -1 -5
 196 3 0 -5
 196 3 1 -5
 215 -5 -16 2
 215 -5 -15 2
 215 -5 -14 2
 215 -5 -13 2
 215 -5 -12 2
 215 -5 -11 2
 215 -5 -10 2
 215 -5 -9 2
 215 -5 -8 2
 215 -5 -7 2
 215 -5 -6 2
 215 -5 -5 2
 215 -5 -4 2
 217 -2 11 4
 217 -2 12 4
 217 -2 13 4
 217 -2 14 4
 217 -2 15 4
 217 -2 16 4
 221 -2 -15 5
 221 -2 -14 5
 221 -2 -13 5
 221 -2 -12 5
 221 -2 -11 5
 221 -2 -10 5
 221 -2 -9 5
 221 -2 -8 5
 221 -2 -7 5
 221 -2 -6 5
 221 -2 -5 5
 221 -2 -4 5
 221 -2 -3 5
 221 -2 -2 5
 221 -2 -1 5
 221 -2 0 5
 221 -2 1 5
 221 -2 2 5
 249 3 -16 -6
 249 3 -15 -6
 249 3 -14 -6
 249 3 -13 -6
 249 3 -12 -6
 249 3 -11 -6
 249 3 -10 -6
 249 3 -9 -6
 249 3 -8 -6
 249 3 -7 -6
 249 3 -6 -6
 249 3 -5 -6
 249 3 -4 -6
 249 3 -3 -6
 249 3 -2 -6
 249 3 -1 -6
 249 3 0 -6
 249 3 1 -6
 263 -1 -16 5
 263 -1 -15 5
 263 -1 -14 5
 263 -1 -13 5
 263 -1 -12 5
 263 -1 -11 5
 263 -1 -10 5
 263 -1 -9 5
 263 -1 -8 5
 271 2 -2 -5
 271 2 -1 -5
 271 2 0 -5
 271 2 1 -5
 271 2 2 -5
 271 2 3 -5
 271 2 4 -5
 271 2 5 -5
 271 2 6 -5
 271 2 7 -5
 271 2 8 -5
 271 2 9 -5
 271 2 10 -5
 271 2 11 -5
 271 2 12 -5
 271 2 13 -5
 271 2 14 -5
 271 2 15 -5
 291 3 12 -5
 291 3 13 -5
 291 3 14 -5
 291 3 15 -5
 291 3 16 -5
 312 -3 -16 -3
 312 -3 -15 -3
 312 -3 -14 -3
 312 -3 -13 -3
 312 -3 -12 -3
 312 -3 -11 -3
 312 -3 -10 -3
 312 -3 -9 -3
 339 3 -16 -2
 339 3 -15 -2
 339 3 -14 -2
 339 3 -13 -2
 339 3 -12 -2
 339 3 -11 -2
 339 3 -10 -2
 339 3 -9 -2
 339 3 -8 -2
 339 3 -7 -2
 339 3 -6 -2
 339 3 -5 -2
 339 3 -4 -2
 339 3 -3 -2
 346 -4 14 -4
 346 -4 15 -4
 346 -4 16 -4
 351 4 -13 -5
 351 4 -12 -5
 351 4 -11 -5
 351 4 -10 -5
 351 4 -9 -5
 351 4 -8 -5
 351 4 -7 -5
 351 4 -6 -5
 351 4 -5 -5
 351 4 -4 -5
 351 4 -3 -5
 351 4 -2 -5
 351 4 -1 -5
 351 4 0 -5
 351 4 1 -5
 351 4 2 -5
 351 4 3 -5
 351 4 4 -5
 352 -4 11 -5
 352 -4 12 -5
 352 -4 13 -5
 352 -4 14 -5
 352 -4 15 -5
 352 -4 16 -5
 370 2 -16 -6
 370 2 -15 -6
 370 2 -14 -6
 370 2 -13 -6
 370 2 -12 -6
 370 2 -11 -6
 370 2 -10 -6
 370 2 -9 -6
 371 4 -6 -6
 371 4 -5 -6
 371 4 -4 -6
 371 4 -3 -6
 371 4 -2 -6
 371 4 -1 -6
 371 4 0 -6
 371 4 1 -6
 371 4 2 -6
 371 4 3 -6
 371 4 4 -6
 371 4 5 -6
 371 4 6 -6
 371 4 7 -6
 371 4 8 -6
 371 4 9 -6
 371 4 10 -6
 371 4 11 -6
 382 3 13 -4
 382 3 14 -4
 382 3 15 -4
 382 3 16 -4
 400 -3 -4 -3
 400 -3 -3 -3
 400 -3 -2 -3
 400 -3 -1 -3
 400 -3 0 -3
 400 -3 1 -3
 400 -3 2 -3
 400 -3 3 -3
 400 -3 4 -3
 400 -3 5 -3
 400 -3 6 -3
 400 -3 7 -3
 400 -3 8 -3
 400 -3 9 -3
 400 -3 10 -3
 400 -3 11 -3
 400 -3 12 -3
 400 -3 13 -3
 401 -5 -16 3
 401 -5 -15 3
 401 -5 -14 3
 401 -5 -13 3
 401 -5 -12 3
 401 -5 -11 3
 401 -5 -10 3
 431 -2 -6 6
 431 -2 -5 6
 431 -2 -4 6
 431 -2 -3 6
 431 -2 -2 6
 431 -2 -1 6
 431 -2 0 6
 431 -2 1 6
 431 -2 2 6
 431 -2 3 6
 431 -2 4 6
 431 -2 5 6
 431 -2 6 6
 431 -2 7 6
 431 -2 8 6
 431 -2 9 6
 431 -2 10 6
 431 -2 11 6
 440 3 7 0
 440 3 8 0
 440 3 9 0
 440 3 10 0
 440 3 11 0
 440 3 12 0
 440 3 13 0
 440 3 14 0
 440 3 15 0
 440 3 16 0
 443 -2 -5 7
 443 -2 -4 7
 443 -2 -3 7
 443 -2 -2 7
 443 -2 -1 7
 443 -2 0 7
 443 -2 1 7
 443 -2 2 7
 443 -2 3 7
 443 -2 4 7
 443 -2 5 7
 443 -2 6 7
 443 -2 7 7
 443 -2 8 7
 443 -2 9 7
 443 -2 10 7
 443 -2 11 7
 443 -2 12 7
 446 -6 -16 1
 446 -6 -15 1
 446 -6 -14 1
 446 -6 -13 1
 446 -6 -12 1
 446 -6 -11 1
 446 -6 -10 1
 446 -6 -9 1
 446 -6 -8 1
 446 -6 -7 1
 446 -6 -6 1
 454 -2 12 5
 454 -2 13 5
 454 -2 14 5
 454 -2 15 5
 454 -2 16 5
 458 4 -16 2
 458 4 -15 2
 458 4 -14 2
 459 -3 -16 -4
 459 -3 -15 -4
 459 -3 -14 -4
 459 -3 -13 -4
 459 -3 -12 -4
 459 -3 -11 -4
 459 -3 -10 -4
 459 -3 -9 -4
 459 -3 -8 -4
 459 -3 -7 -4
 459 -3 -6 -4
 460 -3 2 7
 460 -3 3 7
 460 -3 4 7
 460 -3 5 7
 460 -3 6 7
 460 -3 7 7
 460 -3 8 7
 460 -3 9 7
 460 -3 10 7
 460 -3 11 7
 460 -3 12 7
 460 -3 13 7
 460 -3 14 7
 460 -3 15 7
 460 -3 16 7
 464 -6 7 3
 464 -6 8 3
 464 -6 9 3
 464 -6 10 3
 464 -6 11 3
 464 -6 12 3
 464 -6 13 3
 464 -6 14 3
 464 -6 15 3
 464 -6 16 3
 472 -1 -5 7
 472 -1 -4 7
 472 -1 -3 7
 472 -1 -2 7
 472 -1 -1 7
 472 -1 0 7
 472 -1 1 7
 472 -1 2 7
 472 -1 3 7
 472 -1 4 7
 472 -1 5 7
 472 -1 6 7
 472 -1 7 7
 472 -1 8 7
 472 -1 9 7
 472 -1 10 7
 472 -1 11 7
 472 -1 12 7
 475 -3 2 6
 475 -3 3 6
 475 -3 4 6
 475 -3 5 6
 475 -3 6 6
 475 -3 7 6
 475 -3 8 6
 475 -3 9 6
 475 -3 10 6
 475 -3 11 6
 475 -3 12 6
 475 -3 13 6
 475 -3 14 6
 475 -3 15 6
 475 -3 16 6
 478 3 14 -6
 478 3 15 -6
 478 3 16 -6
 488 -6 -16 4
 488 -6 -15 4
 488 -6 -14 4
 488 -6 -13 4
 488 -6 -12 4
 488 -6 -11 4
 488 -6 -10 4
 488 -6 -9 4
 488 -6 -8 4
 544 1 -9 -6
 544 1 -8 -6
 544 1 -7 -6
 544 1 -6 -6
 544 1 -5 -6
 544 1 -4 -6
 544 1 -3 -6
 544 1 -2 -6
 544 1 -1 -6
 544 1 0 -6
 544 1 1 -6
 544 1 2 -6
 544 1 3 -6
 544 1 4 -6
 544 1 5 -6
 544 1 6 -6
 544 1 7 -6
 544 1 8 -6
 553 -3 -16 -5
 553 -3 -15 -5
 553 -3 -14 -5
 553 -3 -13 -5
 553 -3 -12 -5
 553 -3 -11 -5
 553 -3 -10 -5
 553 -3 -9 -5
 553 -3 -8 -5
 553 -3 -7 -5
 567 5 -3 -6
 567 5 -2 -6
 567 5 -1 -6
 567 5 0 -6
 567 5 1 -6
 567 5 2 -6
 567 5 3 -6
 567 5 4 -6
 567 5 5 -6
 567 5 6 -6
 567 5 7 -6
 567 5 8 -6
 567 5 9 -6
 567 5 10 -6
 567 5 11 -6
 567 5 12 -6
 567 5 13 -6
 567 5 14 -6
 581 3 -16 -7
 586 -7 -16 4
 586 -7 -15 4
 586 -7 -14 4
 586 -7 -13 4
 586 -7 -12 4
 586 -7 -11 4
 586 -7 -10 4
 586 -7 -9 4
 586 -7 -8 4
 586 -7 -7 4
 595 -7 -16 5
 595 -7 -15 5
 595 -7 -14 5
 595 -7 -13 5
 595 -7 -12 5
 595 -7 -11 5
 595 -7 -10 5
 595 -7 -9 5
 595 -7 -8 5
 595 -7 -7 5
 595 -7 -6 5
 595 -7 -5 5
 595 -7 -4 5
 595 -7 -3 5
 595 -7 -2 5
 595 -7 -1 5
 595 -7 0 5
 600 -6 2 2
 600 -6 3 2
 600 -6 4 2
 600 -6 5 2
 600 -6 6 2
 600 -6 7 2
 600 -6 8 2
 600 -6 9 2
 600 -6 10 2
 600 -6 11 2
 600 -6 12 2
 600 -6 13 2
 600 -6 14 2
 600 -6 15 2
 600 -6 16 2
 606 1 -16 -6
 606 1 -15 -6
 606 1 -14 -6
 615 -4 1 1
 615 -4 2 1
 615 -4 3 1
 615 -4 4 1
 615 -4 5 1
 615 -4 6 1
 615 -4 7 1
 615 -4 8 1
 615 -4 9 1
 615 -4 10 1
 615 -4 11 1
 615 -4 12 1
 615 -4 13 1
 615 -4 14 1
 615 -4 15 1
 615 -4 16 1
 643 3 -16 3
 643 3 -15 3
 643 3 -14 3
 643 3 -13 3
 643 3 -12 3
 643 3 -11 3
 643 3 -10 3
 643 3 -9 3
 643 3 -8 3
 643 3 -7 3
 665 -6 8 4
 665 -6 9 4
 665 -6 10 4
 665 -6 11 4
 665 -6 12 4
 665 -6 13 4
 665 -6 14 4
 665 -6 15 4
 665 -6 16 4
 666 6 0 -6
 666 6 1 -6
 666 6 2 -6
 666 6 3 -6
 666 6 4 -6
 666 6 5 -6
 666 6 6 -6
 666 6 7 -6
 666 6 8 -6
 666 6 9 -6
 666 6 10 -6
 666 6 11 -6
 666 6 12 -6
 666 6 13 -6
 666 6 14 -6
 666 6 15 -6
 666 6 16 -6
 670 6 3 -5
 670 6 4 -5
 670 6 5 -5
 670 6 6 -5
 670 6 7 -5
 670 6 8 -5
 670 6 9 -5
 670 6 10 -5
 670 6 11 -5
 670 6 12 -5
 670 6 13 -5
 670 6 14 -5
 670 6 15 -5
 670 6 16 -5
 692 4 -10 -2
 692 4 -9 -2
 692 4 -8 -2
 692 4 -7 -2
 692 4 -6 -2
 692 4 -5 -2
 692 4 -4 -2
 692 4 -3 -2
 692 4 -2 -2
 692 4 -1 -2
 692 4 0 -2
 692 4 1 -2
 692 4 2 -2
 692 4 3 -2
 692 4 4 -2
 692 4 5 -2
 692 4 6 -2
 692 4 7 -2
 696 -5 10 -6
 696 -5 11 -6
 696 -5 12 -6
 696 -5 13 -6
 696 -5 14 -6
 696 -5 15 -6
 696 -5 16 -6
 725 0 13 -7
 725 0 14 -7
 725 0 15 -7
 725 0 16 -7
 728 -8 -13 4
 728 -8 -12 4
 728 -8 -11 4
 728 -8 -10 4
 728 -8 -9 4
 728 -8 -8 4
 728 -8 -7 4
 728 -8 -6 4
 728 -8 -5 4
 728 -8 -4 4
 728 -8 -3 4
 728 -8 -2 4
 728 -8 -1 4
 728 -8 0 4
 728 -8 1 4
 728 -8 2 4
 728 -8 3 4
 728 -8 4 4
 746 -3 -16 7
 746 -3 -15 7
 746 -3 -14 7
 746 -3 -13 7
 746 -3 -12 7
 746 -3 -11 7
 746 -3 -10 7
 746 -3 -9 7
 746 -3 -8 7
 746 -3 -7 7
 746 -3 -6 7
 746 -3 -5 7
 758 5 -12 -2
 758 5 -11 -2
 758 5 -10 -2
 758 5 -9 -2
 758 5 -8 -2
 758 5 -7 -2
 758 5 -6 -2
 758 5 -5 -2
 758 5 -4 -2
 758 5 -3 -2
 758 5 -2 -2
 758 5 -1 -2
 758 5 0 -2
 758 5 1 -2
 758 5 2 -2
 758 5 3 -2
 758 5 4 -2
 758 5 5 -2
 772 -1 14 9
 772 -1 15 9
 772 -1 16 9
 825 -1 10 10
 825 -1 11 10
 825 -1 12 10
 825 -1 13 10
 825 -1 14 10
 825 -1 15 10
 825 -1 16 10
 852 -8 -2 5
 852 -8 -1 5
 852 -8 0 5
 852 -8 1 5
 852 -8 2 5
 852 -8 3 5
 852 -8 4 5
 852 -8 5 5
 852 -8 6 5
 852 -8 7 5
 852 -8 8 5
 852 -8 9 5
 852 -8 10 5
 852 -8 11 5
 852 -8 12 5
 852 -8 13 5
 852 -8 14 5
 852 -8 15 5
 856 -8 -16 5
 856 -8 -15 5
 856 -8 -14 5
 856 -8 -13 5
 860 4 -15 -7
 860 4 -14 -7
 860 4 -13 -7
 860 4 -12 -7
 860 4 -11 -7
 860 4 -10 -7
 860 4 -9 -7
 860 4 -8 -7
 860 4 -7 -7
 860 4 -6 -7
 860 4 -5 -7
 860 4 -4 -7
 860 4 -3 -7
 860 4 -2 -7
 860 4 -1 -7
 860 4 0 -7
 860 4 1 -7
 860 4 2 -7
 865 -8 -16 6
 865 -8 -15 6
 865 -8 -14 6
 865 -8 -13 6
 865 -8 -12 6
 865 -8 -11 6
 865 -8 -10 6
 865 -8 -9 6
 865 -8 -8 6
 865 -8 -7 6
 865 -8 -6 6
 865 -8 -5 6
 865 -8 -4 6
 865 -8 -3 6
 865 -8 -2 6
 881 -4 -16 9
 881 -4 -15 9
 890 -2 -1 10
 890 -2 0 10
 890 -2 1 10
 890 -2 2 10
 890 -2 3 10
 890 -2 4 10
 890 -2 5 10
 890 -2 6 10
 890 -2 7 10
 890 -2 8 10
 890 -2 9 10
 890 -2 10 10
 890 -2 11 10
 890 -2 12 10
 890 -2 13 10
 890 -2 14 10
 890 -2 15 10
 890 -2 16 10
 908 0 -6 7
 908 0 -5 7
 908 0 -4 7
 908 0 -3 7
 908 0 -2 7
 908 0 -1 7
 908 0 0 7
 908 0 1 7
 908 0 2 7
 908 0 3 7
 908 0 4 7
 908 0 5 7
 908 0 6 7
 908 0 7 7
 908 0 8 7
 908 0 9 7
 908 0 10 7
 908 0 11 7
 916 7 1 -6
 916 7 2 -6
 916 7 3 -6
 916 7 4 -6
 916 7 5 -6
 916 7 6 -6
 916 7 7 -6
 916 7 8 -6
 916 7 9 -6
 916 7 10 -6
 916 7 11 -6
 916 7 12 -6
 916 7 13 -6
 916 7 14 -6
 916 7 15 -6
 916 7 16 -6
 941 -7 4 2
 941 -7 5 2
 941 -7 6 2
 941 -7 7 2
 941 -7 8 2
 941 -7 9 2
 941 -7 10 2
 941 -7 11 2
 941 -7 12 2
 941 -7 13 2
 941 -7 14 2
 941 -7 15 2
 941 -7 16 2
 952 2 -16 -7
 952 2 -15 -7
 952 2 -14 -7
 952 2 -13 -7
 952 2 -12 -7
 952 2 -11 -7
 952 2 -10 -7
 952 2 -9 -7
 952 2 -8 -7
 952 2 -7 -7
 952 2 -6 -7
 952 2 -5 -7
 952 2 -4 -7
 952 2 -3 -7
 952 2 -2 -7
 952 2 -1 -7
 952 2 0 -7
 952 2 1 -7
 966 7 12 -5
 966 7 13 -5
 966 7 14 -5
 966 7 15 -5
 966 7 16 -5
 972 -8 -16 3
 972 -8 -15 3
 972 -8 -14 3
 972 -8 -13 3
 972 -8 -12 3
 972 -8 -11 3
 972 -8 -10 3
 972 -8 -9 3
 972 -8 -8 3
 972 -8 -7 3
 972 -8 -6 3
 972 -8 -5 3
 972 -8 -4 3
 972 -8 -3 3
 972 -8 -2 3
 972 -8 -1 3
 972 -8 0 3
 1002 -4 -16 8
 1002 -4 -15 8
 1002 -4 -14 8
 1002 -4 -13 8
 1002 -4 -12 8
 1009 -9 2 5
 1009 -9 3 5
 1009 -9 4 5
 1009 -9 5 5
 1009 -9 6 5
 1009 -9 7 5
 1009 -9 8 5
 1009 -9 9 5
 1009 -9 10 5
 1009 -9 11 5
 1009 -9 12 5
 1009 -9 13 5
 1009 -9 14 5
 1009 -9 15 5
 1009 -9 16 5
 1017 -5 7 -7
 1017 -5 8 -7
 1017 -5 9 -7
 1017 -5 10 -7
 1017 -5 11 -7
 1017 -5 12 -7
 1017 -5 13 -7
 1017 -5 14 -7
 1017 -5 15 -7
 1017 -5 16 -7
 1022 4 -2 0
 1022 4 -1 0
 1022 4 0 0
 1022 4 1 0
 1022 4 2 0
 1022 4 3 0
 1022 4 4 0
 1022 4 5 0
 1022 4 6 0
 1022 4 7 0
 1022 4 8 0
 1022 4 9 0
 1022 4 10 0
 1022 4 11 0
 1022 4 12 0
 1022 4 13 0
 1022 4 14 0
 1022 4 15 0
 1025 -3 -16 -6
 1025 -3 -15 -6
 1025 -3 -14 -6
 1025 -3 -13 -6
 1025 -3 -12 -6
 1042 -6 -8 -7
 1042 -6 -7 -7
 1042 -6 -6 -7
 1042 -6 -5 -7
 1042 -6 -4 -7
 1042 -6 -3 -7
 1042 -6 -2 -7
 1042 -6 -1 -7
 1042 -6 0 -7
 1042 -6 1 -7
 1042 -6 2 -7
 1042 -6 3 -7
 1042 -6 4 -7
 1042 -6 5 -7
 1042 -6 6 -7
 1042 -6 7 -7
 1042 -6 8 -7
 1042 -6 9 -7
 1062 -9 -16 3
 1062 -9 -15 3
 1062 -9 -14 3
 1062 -9 -13 3
 1062 -9 -12 3
 1062 -9 -11 3
 1062 -9 -10 3
 1062 -9 -9 3
 1062 -9 -8 3
 1062 -9 -7 3
 1064 -6 -16 -6
 1064 -6 -15 -6
 1064 -6 -14 -6
 1064 -6 -13 -6
 1064 -6 -12 -6
 1064 -6 -11 -6
 1064 -6 -10 -6
 1064 -6 -9 -6
 1064 -6 -8 -6
 1064 -6 -7 -6
 1064 -6 -6 -6
 1064 -6 -5 -6
 1085 0 -16 8
 1085 0 -15 8
 1085 0 -14 8
 1085 0 -13 8
 1085 0 -12 8
 1085 0 -11 8
 1085 0 -10 8
 1085 0 -9 8
 1085 0 -8 8
 1085 0 -7 8
 1085 0 -6 8
 1085 0 -5 8
 1085 0 -4 8
 1091 -6 -8 -8
 1091 -6 -7 -8
 1091 -6 -6 -8
 1091 -6 -5 -8
 1091 -6 -4 -8
 1091 -6 -3 -8
 1091 -6 -2 -8
 1091 -6 -1 -8
 1091 -6 0 -8
 1091 -6 1 -8
 1091 -6 2 -8
 1091 -6 3 -8
 1091 -6 4 -8
 1091 -6 5 -8
 1091 -6 6 -8
 1091 -6 7 -8
 1091 -6 8 -8
 1091 -6 9 -8
 1118 -4 -16 -4
 1118 -4 -15 -4
 1118 -4 -14 -4
 1118 -4 -13 -4
 1118 -4 -12 -4
 1118 -4 -11 -4
 1118 -4 -10 -4
 1118 -4 -9 -4
 1118 -4 -8 -4
 1118 -4 -7 -4
 1118 -4 -6 -4
 1118 -4 -5 -4
 1121 0 10 10
 1121 0 11 10
 1121 0 12 10
 1121 0 13 10
 1121 0 14 10
 1121 0 15 10
 1121 0 16 10
 1142 -8 -15 7
 1142 -8 -14 7
 1142 -8 -13 7
 1142 -8 -12 7
 1142 -8 -11 7
 1142 -8 -10 7
 1142 -8 -9 7
 1142 -8 -8 7
 1142 -8 -7 7
 1142 -8 -6 7
 1142 -8 -5 7
 1142 -8 -4 7
 1142 -8 -3 7
 1142 -8 -2 7
 1142 -8 -1 7
 1142 -8 0 7
 1142 -8 1 7
 1142 -8 2 7
 1176 -10 -15 5
 1176 -10 -14 5
 1176 -10 -13 5
 1176 -10 -12 5
 1176 -10 -11 5
 1176 -10 -10 5
 1176 -10 -9 5
 1176 -10 -8 5
 1176 -10 -7 5
 1176 -10 -6 5
 1176 -10 -5 5
 1176 -10 -4 5
 1176 -10 -3 5
 1176 -10 -2 5
 1176 -10 -1 5
 1176 -10 0 5
 1176 -10 1 5
 1176 -10 2 5
 1198 5 -16 -1
 1198 5 -15 -1
 1198 5 -14 -1
 1198 5 -13 -1
 1198 5 -12 -1
 1198 5 -11 -1
 1198 5 -10 -1
 1198 5 -9 -1
 1272 5 -16 -3
 1272 5 -15 -3
 1272 5 -14 -3
 1272 5 -13 -3
 1272 5 -12 -3
 1272 5 -11 -3
 1272 5 -10 -3
 1272 5 -9 -3
 1272 5 -8 -3
 1272 5 -7 -3
 1314 -2 -16 11
 1314 -2 -15 11
 1314 -2 -14 11
 1314 -2 -13 11
 1314 -2 -12 11
 1314 -2 -11 11
 1314 -2 -10 11
 1314 -2 -9 11
 1314 -2 -8 11
 1314 -2 -7 11
 1314 -2 -6 11
 1314 -2 -5 11
 1314 -2 -4 11
 1314 -2 -3 11
 1314 -2 -2 11
 1314 -2 -1 11
 1321 -7 -16 1
 1321 -7 -15 1
 1321 -7 -14 1
 1321 -7 -13 1
 1321 -7 -12 1
 1321 -7 -11 1
 1321 -7 -10 1
 1321 -7 -9 1
 1321 -7 -8 1
 1321 -7 -7 1
 1321 -7 -6 1
 1321 -7 -5 1
 1321 -7 -4 1
 1321 -7 -3 1
 1321 -7 -2 1
 1321 -7 -1 1
 1321 -7 0 1
 1368 6 -16 2
 1368 6 -15 2
 1368 6 -14 2
 1368 6 -13 2
 1380 -9 14 6
 1380 -9 15 6
 1380 -9 16 6
 1406 6 -16 -3
 1406 6 -15 -3
 1406 6 -14 -3
 1406 6 -13 -3
 1406 6 -12 -3
 1406 6 -11 -3
 1406 6 -10 -3
 1444 -5 -16 9
 1444 -5 -15 9
 1444 -5 -14 9
 1444 -5 -13 9
 1444 -5 -12 9
 1444 -5 -11 9
 1444 -5 -10 9
 1444 -5 -9 9
 1444 -5 -8 9
 1444 -5 -7 9
 1444 -5 -6 9
 1444 -5 -5 9
 1444 -5 -4 9
 1444 -5 -3 9
 1444 -5 -2 9
 1444 -5 -1 9
 1444 -5 0 9
 1444 -5 1 9
 1451 6 -16 -2
 1451 6 -15 -2
 1451 6 -14 -2
 1451 6 -13 -2
 1451 6 -12 -2
 1451 6 -11 -2
 1451 6 -10 -2
 1451 6 -9 -2
 1451 6 -8 -2
 1451 6 -7 -2
 1451 6 -6 -2
 1451 6 -5 -2
 1451 6 -4 -2
 1451 6 -3 -2
 1451 6 -2 -2
 1451 6 -1 -2
 1451 6 0 -2
 1454 -3 -16 -7
 1454 -3 -15 -7
 1454 -3 -14 -7
 1454 -3 -13 -7
 1454 -3 -12 -7
 1454 -3 -11 -7
 1454 -3 -10 -7
 1454 -3 -9 -7
 1454 -3 -8 -7
 1454 -3 -7 -7
 1454 -3 -6 -7
 1454 -3 -5 -7
 1454 -3 -4 -7
 1454 -3 -3 -7
 1454 -3 -2 -7
 1454 -3 -1 -7
 1454 -3 0 -7
 1456 -4 -1 6
 1456 -4 0 6
 1456 -4 1 6
 1456 -4 2 6
 1456 -4 3 6
 1456 -4 4 6
 1456 -4 5 6
 1456 -4 6 6
 1456 -4 7 6
 1456 -4 8 6
 1456 -4 9 6
 1456 -4 10 6
 1456 -4 11 6
 1456 -4 12 6
 1456 -4 13 6
 1456 -4 14 6
 1456 -4 15 6
 1456 -4 16 6
 1471 -9 10 7
 1471 -9 11 7
 1471 -9 12 7
 1471 -9 13 7
 1471 -9 14 7
 1471 -9 15 7
 1471 -9 16 7
 1508 -6 -16 -9
 1508 -6 -15 -9
 1508 -6 -14 -9
 1508 -6 -13 -9
 1508 -6 -12 -9
 1508 -6 -11 -9
 1508 -6 -10 -9
 1508 -6 -9 -9
 1508 -6 -8 -9
 1508 -6 -7 -9
 1519 5 -16 -13
 1519 5 -15 -13
 1519 5 -14 -13
 1519 5 -13 -13
 1519 5 -12 -13
 1519 5 -11 -13
 1519 5 -10 -13
 1519 5 -9 -13
 1519 5 -8 -13
 1519 5 -7 -13
 1575 -7 -16 -9
 1575 -7 -15 -9
 1575 -7 -14 -9
 1575 -7 -13 -9
 1575 -7 -12 -9
 1575 -7 -11 -9
 1575 -7 -10 -9
 1575 -7 -9 -9
 1575 -7 -8 -9
 1575 -7 -7 -9
 1575 -7 -6 -9
 1575 -7 -5 -9
 1575 -7 -4 -9
 1575 -7 -3 -9
 1575 -7 -2 -9
 1575 -7 -1 -9
 1575 -7 0 -9
 1576 -6 1 -9
 1576 -6 2 -9
 1576 -6 3 -9
 1576 -6 4 -9
 1576 -6 5 -9
 1576 -6 6 -9
 1576 -6 7 -9
 1576 -6 8 -9
 1576 -6 9 -9
 1576 -6 10 -9
 1576 -6 11 -9
 1576 -6 12 -9
 1576 -6 13 -9
 1576 -6 14 -9
 1576 -6 15 -9
 1576 -6 16 -9
 1666 -14 2 1
 1666 -14 3 1
 1666 -14 4 1
 1666 -14 5 1
 1666 -14 6 1
 1666 -14 7 1
 1666 -14 8 1
 1666 -14 9 1
 1666 -14 10 1
 1666 -14 11 1
 1666 -14 12 1
 1666 -14 13 1
 1666 -14 14 1
 1666 -14 15 1
 1666 -14 16 1
 1676 -6 3 -10
 1676 -6 4 -10
 1676 -6 5 -10
 1676 -6 6 -10
 1676 -6 7 -10
 1676 -6 8 -10
 1676 -6 9 -10
 1676 -6 10 -10
 1676 -6 11 -10
 1676 -6 12 -10
 1676 -6 13 -10
 1676 -6 14 -10
 1676 -6 15 -10
 1676 -6 16 -10
 1678 -2 -16 9
 1678 -2 -15 9
 1678 -2 -14 9
 1678 -2 -13 9
 1678 -2 -12 9
 1678 -2 -11 9
 1678 -2 -10 9
 1684 -8 -16 -9
 1733 -3 -16 -14
 1733 -3 -15 -14
 1733 -3 -14 -14
 1735 0 -4 1
 1735 0 -3 1
 1735 0 -2 1
 1735 0 -1 1
 1735 0 0 1
 1735 0 1 1
 1735 0 2 1
 1735 0 3 1
 1735 0 4 1
 1735 0 5 1
 1735 0 6 1
 1735 0 7 1
 1735 0 8 1
 1735 0 9 1
 1735 0 10 1
 1735 0 11 1
 1735 0 12 1
 1735 0 13 1
 1736 1 -16 8
 1736 1 -15 8
 1736 1 -14 8
 1776 6 -16 -11
 1776 6 -15 -11
 1776 6 -14 -11
 1776 6 -13 -11
 1776 6 -12 -11
 1797 -6 -16 -10
 1797 -6 -15 -10
 1797 -6 -14 -10
 1797 -6 -13 -10
 1797 -6 -12 -10
 1797 -6 -11 -10
 1797 -6 -10 -10
 1801 -7 5 -10
 1801 -7 6 -10
 1801 -7 7 -10
 1801 -7 8 -10
 1801 -7 9 -10
 1801 -7 10 -10
 1801 -7 11 -10
 1801 -7 12 -10
 1801 -7 13 -10
 1801 -7 14 -10
 1801 -7 15 -10
 1801 -7 16 -10
 1803 -10 -16 3
 1803 -10 -15 3
 1803 -10 -14 3
 1803 -10 -13 3
 1803 -10 -12 3
 1803 -10 -11 3
 1803 -10 -10 3
 1803 -10 -9 3
 1803 -10 -8 3
 1803 -10 -7 3
 1803 -10 -6 3
 1803 -10 -5 3
 1803 -10 -4 3
 1878 -2 -5 12
 1878 -2 -4 12
 1878 -2 -3 12
 1878 -2 -2 12
 1878 -2 -1 12
 1878 -2 0 12
 1878 -2 1 12
 1878 -2 2 12
 1878 -2 3 12
 1878 -2 4 12
 1878 -2 5 12
 1878 -2 6 12
 1878 -2 7 12
 1878 -2 8 12
 1878 -2 9 12
 1878 -2 10 12
 1878 -2 11 12
 1878 -2 12 12
 1884 -5 -16 10
 1884 -5 -15 10
 1884 -5 -14 10
 1884 -5 -13 10
 1884 -5 -12 10
 1884 -5 -11 10
 1909 1 -16 9
 1909 1 -15 9
 1909 1 -14 9
 1909 1 -13 9
 1909 1 -12 9
 1909 1 -11 9
 1909 1 -10 9
 1909 1 -9 9
 1909 1 -8 9
 1909 1 -7 9
 1909 1 -6 9
 1909 1 -5 9
 1909 1 -4 9
 1909 1 -3 9
 1909 1 -2 9
 1909 1 -1 9
 1909 1 0 9
 1920 -4 -16 -14
 1920 -4 -15 -14
 1920 -4 -14 -14
 1920 -4 -13 -14
 1920 -4 -12 -14
 1920 -4 -11 -14
 1920 -4 -10 -14
 1920 -4 -9 -14
 1920 -4 -8 -14
 1920 -4 -7 -14
 1920 -4 -6 -14
 1920 -4 -5 -14
 1920 -4 -4 -14
 1920 -4 -3 -14
 1920 -4 -2 -14
 1920 -4 -1 -14
 1920 -4 0 -14
 1920 -4 1 -14
 1977 -14 -16 -1
 1977 -14 -15 -1
 1977 -14 -14 -1
 1977 -14 -13 -1
 1977 -14 -12 -1
 1977 -14 -11 -1
 1977 -14 -10 -1
 1977 -14 -9 -1
 1977 -14 -8 -1
 1977 -14 -7 -1
 1977 -14 -6 -1
 1977 -14 -5 -1
 1977 -14 -4 -1
 1977 -14 -3 -1
 1977 -14 -2 -1
 1983 -8 -16 -8
 2000 6 -7 -7
 2000 6 -6 -7
 2000 6 -5 -7
 2000 6 -4 -7
 2000 6 -3 -7
 2000 6 -2 -7
 2000 6 -1 -7
 2000 6 0 -7
 2000 6 1 -7
 2000 6 2 -7
 2000 6 3 -7
 2000 6 4 -7
 2000 6 5 -7
 2000 6 6 -7
 2000 6 7 -7
 2000 6 8 -7
 2000 6 9 -7
 2000 6 10 -7
 2027 7 11 -4
 2027 7 12 -4
 2027 7 13 -4
 2027 7 14 -4
 2027 7 15 -4
 2027 7 16 -4
 2037 -11 -16 4
 2037 -11 -15 4
 2037 -11 -14 4
 2037 -11 -13 4
 2045 -15 -11 -1
 2045 -15 -10 -1
 2045 -15 -9 -1
 2045 -15 -8 -1
 2045 -15 -7 -1
 2045 -15 -6 -1
 2045 -15 -5 -1
 2045 -15 -4 -1
 2045 -15 -3 -1
 2045 -15 -2 -1
 2045 -15 -1 -1
 2045 -15 0 -1
 2045 -15 1 -1
 2045 -15 2 -1
 2045 -15 3 -1
 2045 -15 4 -1
 2045 -15 5 -1
 2045 -15 6 -1
 2080 -14 11 3
 2080 -14 12 3
 2080 -14 13 3
 2080 -14 14 3
 2080 -14 15 3
 2080 -14 16 3
 2087 8 2 -4
 2087 8 3 -4
 2087 8 4 -4
 2087 8 5 -4
 2087 8 6 -4
 2087 8 7 -4
 2087 8 8 -4
 2087 8 9 -4
 2087 8 10 -4
 2087 8 11 -4
 2087 8 12 -4
 2087 8 13 -4
 2087 8 14 -4
 2087 8 15 -4
 2087 8 16 -4
 2120 7 -9 -7
 2120 7 -8 -7
 2120 7 -7 -7
 2120 7 -6 -7
 2120 7 -5 -7
 2120 7 -4 -7
 2120 7 -3 -7
 2120 7 -2 -7
 2120 7 -1 -7
 2120 7 0 -7
 2120 7 1 -7
 2120 7 2 -7
 2120 7 3 -7
 2120 7 4 -7
 2120 7 5 -7
 2120 7 6 -7
 2120 7 7 -7
 2120 7 8 -7
 2127 -15 5 -2
 2127 -15 6 -2
 2127 -15 7 -2
 2127 -15 8 -2
 2127 -15 9 -2
 2127 -15 10 -2
 2127 -15 11 -2
 2127 -15 12 -2
 2127 -15 13 -2
 2127 -15 14 -2
 2127 -15 15 -2
 2127 -15 16 -2
 2191 1 -2 -7
 2191 1 -1 -7
 2191 1 0 -7
 2191 1 1 -7
 2191 1 2 -7
 2191 1 3 -7
 2191 1 4 -7
 2191 1 5 -7
 2191 1 6 -7
 2191 1 7 -7
 2191 1 8 -7
 2191 1 9 -7
 2191 1 10 -7
 2191 1 11 -7
 2191 1 12 -7
 2191 1 13 -7
 2191 1 14 -7
 2191 1 15 -7
 2292 -6 -16 9
 2292 -6 -15 9
 2292 -6 -14 9
 2292 -6 -13 9
 2292 -6 -12 9
 2292 -6 -11 9
 2292 -6 -10 9
 2292 -6 -9 9
 2292 -6 -8 9
 2292 -6 -7 9
 2292 -6 -6 9
 2292 -6 -5 9
 2292 -6 -4 9
 2292 -6 -3 9
 2292 -6 -2 9
 2292 -6 -1 9
 2327 9 -3 -4
 2327 9 -2 -4
 2327 9 -1 -4
 2327 9 0 -4
 2327 9 1 -4
 2327 9 2 -4
 2327 9 3 -4
 2327 9 4 -4
 2327 9 5 -4
 2327 9 6 -4
 2327 9 7 -4
 2327 9 8 -4
 2327 9 9 -4
 2327 9 10 -4
 2327 9 11 -4
 2327 9 12 -4
 2327 9 13 -4
 2327 9 14 -4
 2365 2 -4 9
 2365 2 -3 9
 2365 2 -2 9
 2365 2 -1 9
 2365 2 0 9
 2365 2 1 9
 2365 2 2 9
 2365 2 3 9
 2365 2 4 9
 2365 2 5 9
 2365 2 6 9
 2365 2 7 9
 2365 2 8 9
 2365 2 9 9
 2365 2 10 9
 2365 2 11 9
 2365 2 12 9
 2365 2 13 9
 2391 -2 14 9
 2391 -2 15 9
 2391 -2 16 9
 2404 -8 -7 8
 2404 -8 -6 8
 2404 -8 -5 8
 2404 -8 -4 8
 2404 -8 -3 8
 2404 -8 -2 8
 2404 -8 -1 8
 2404 -8 0 8
 2404 -8 1 8
 2404 -8 2 8
 2404 -8 3 8
 2404 -8 4 8
 2404 -8 5 8
 2404 -8 6 8
 2404 -8 7 8
 2404 -8 8 8
 2404 -8 9 8
 2404 -8 10 8
 2416 -3 6 10
 2416 -3 7 10
 2416 -3 8 10
 2416 -3 9 10
 2416 -3 10 10
 2416 -3 11 10
 2416 -3 12 10
 2416 -3 13 10
 2416 -3 14 10
 2416 -3 15 10
 2416 -3 16 10
 2450 -16 -11 -1
 2450 -16 -10 -1
 2450 -16 -9 -1
 2450 -16 -8 -1
 2450 -16 -7 -1
 2450 -16 -6 -1
 2450 -16 -5 -1
 2450 -16 -4 -1
 2450 -16 -3 -1
 2450 -16 -2 -1
 2450 -16 -1 -1
 2450 -16 0 -1
 2450 -16 1 -1
 2450 -16 2 -1
 2450 -16 3 -1
 2450 -16 4 -1
 2450 -16 5 -1
 2450 -16 6 -1
 2563 -14 -6 2
 2563 -14 -5 2
 2563 -14 -4 2
 2563 -14 -3 2
 2563 -14 -2 2
 2563 -14 -1 2
 2563 -14 0 2
 2563 -14 1 2
 2563 -14 2 2
 2563 -14 3 2
 2563 -14 4 2
 2563 -14 5 2
 2563 -14 6 2
 2563 -14 7 2
 2563 -14 8 2
 2563 -14 9 2
 2563 -14 10 2
 2563 -14 11 2
 2599 2 -12 10
 2599 2 -11 10
 2599 2 -10 10
 2599 2 -9 10
 2599 2 -8 10
 2599 2 -7 10
 2599 2 -6 10
 2599 2 -5 10
 2599 2 -4 10
 2599 2 -3 10
 2599 2 -2 10
 2599 2 -1 10
 2599 2 0 10
 2599 2 1 10
 2599 2 2 10
 2599 2 3 10
 2599 2 4 10
 2599 2 5 10
 2651 -9 -16 -9
 2651 -9 -15 -9
 2659 -6 -15 10
 2659 -6 -14 10
 2659 -6 -13 10
 2659 -6 -12 10
 2659 -6 -11 10
 2659 -6 -10 10
 2659 -6 -9 10
 2659 -6 -8 10
 2659 -6 -7 10
 2659 -6 -6 10
 2659 -6 -5 10
 2659 -6 -4 10
 2659 -6 -3 10
 2659 -6 -2 10
 2659 -6 -1 10
 2659 -6 0 10
 2659 -6 1 10
 2659 -6 2 10
 2671 -6 -16 11
 2671 -6 -15 11
 2671 -6 -14 11
 2671 -6 -13 11
 2671 -6 -12 11
 2671 -6 -11 11
 2671 -6 -10 11
 2671 -6 -9 11
 2671 -6 -8 11
 2671 -6 -7 11
 2671 -6 -6 11
 2671 -6 -5 11
 2684 2 5 11
 2684 2 6 11
 2684 2 7 11
 2684 2 8 11
 2684 2 9 11
 2684 2 10 11
 2684 2 11 11
 2684 2 12 11
 2684 2 13 11
 2684 2 14 11
 2684 2 15 11
 2684 2 16 11
 2712 10 12 -4
 2712 10 13 -4
 2712 10 14 -4
 2712 10 15 -4
 2712 10 16 -4
 2755 -2 -16 12
 2755 -2 -15 12
 2755 -2 -14 12
 2755 -2 -13 12
 2755 -2 -12 12
 2755 -2 -11 12
 2755 -2 -10 12
 2755 -2 -9 12
 2755 -2 -8 12
 2760 11 -16 -8
 2760 11 -15 -8
 2760 11 -14 -8
 2760 11 -13 -8
 2760 11 -12 -8
 2760 11 -11 -8
 2760 11 -10 -8
 2760 11 -9 -8
 2760 11 -8 -8
 2760 11 -7 -8
 2760 11 -6 -8
 2760 11 -5 -8
 2760 11 -4 -8
 2769 -2 -10 -7
 2769 -2 -9 -7
 2769 -2 -8 -7
 2769 -2 -7 -7
 2769 -2 -6 -7
 2769 -2 -5 -7
 2769 -2 -4 -7
 2769 -2 -3 -7
 2769 -2 -2 -7
 2769 -2 -1 -7
 2769 -2 0 -7
 2769 -2 1 -7
 2769 -2 2 -7
 2769 -2 3 -7
 2769 -2 4 -7
 2769 -2 5 -7
 2769 -2 6 -7
 2769 -2 7 -7
 2843 -15 -12 0
 2843 -15 -11 0
 2843 -15 -10 0
 2843 -15 -9 0
 2843 -15 -8 0
 2843 -15 -7 0
 2843 -15 -6 0
 2843 -15 -5 0
 2843 -15 -4 0
 2843 -15 -3 0
 2843 -15 -2 0
 2843 -15 -1 0
 2843 -15 0 0
 2843 -15 1 0
 2843 -15 2 0
 2843 -15 3 0
 2843 -15 4 0
 2843 -15 5 0
 2867 -2 -16 13
 2867 -2 -15 13
 2867 -2 -14 13
 2904 -8 -16 7
 2910 -14 8 4
 2910 -14 9 4
 2910 -14 10 4
 2910 -14 11 4
 2910 -14 12 4
 2910 -14 13 4
 2910 -14 14 4
 2910 -14 15 4
 2910 -14 16 4
 2935 -5 5 -10
 2935 -5 6 -10
 2935 -5 7 -10
 2935 -5 8 -10
 2935 -5 9 -10
 2935 -5 10 -10
 2935 -5 11 -10
 2935 -5 12 -10
 2935 -5 13 -10
 2935 -5 14 -10
 2935 -5 15 -10
 2935 -5 16 -10
 2940 -14 -16 5
 2940 -14 -15 5
 2957 -15 -16 -1
 2957 -15 -15 -1
 2957 -15 -14 -1
 2983 6 -16 3
 3020 -2 -16 14
 3020 -2 -15 14
 3020 -2 -14 14
 3020 -2 -13 14
 3020 -2 -12 14
 3040 -7 4 8
 3040 -7 5 8
 3040 -7 6 8
 3040 -7 7 8
 3040 -7 8 8
 3040 -7 9 8
 3040 -7 10 8
 3040 -7 11 8
 3040 -7 12 8
 3040 -7 13 8
 3040 -7 14 8
 3040 -7 15 8
 3040 -7 16 8
 3044 12 -16 -9
 3044 12 -15 -9
 3044 12 -14 -9
 3044 12 -13 -9
 3044 12 -12 -9
 3061 -1 -16 14
 3061 -1 -15 14
 3061 -1 -14 14
 3061 -1 -13 14
 3061 -1 -12 14
 3061 -1 -11 14
 3061 -1 -10 14
 3061 -1 -9 14
 3061 -1 -8 14
 3061 -1 -7 14
 3061 -1 -6 14
 3061 -1 -5 14
 3087 13 -16 -9
 3087 13 -15 -9
 3087 13 -14 -9
 3087 13 -13 -9
 3087 13 -12 -9
 3115 1 11 14
 3115 1 12 14
 3115 1 13 14
 3115 1 14 14
 3115 1 15 14
 3115 1 16 14
 3122 -6 -16 -11
 3122 -6 -15 -11
 3122 -6 -14 -11
 3122 -6 -13 -11
 3122 -6 -12 -11
 3122 -6 -11 -11
 3122 -6 -10 -11
 3122 -6 -9 -11
 3122 -6 -8 -11
 3122 -6 -7 -11
 3122 -6 -6 -11
 3122 -6 -5 -11
 3122 -6 -4 -11
 3122 -6 -3 -11
 3122 -6 -2 -11
 3122 -6 -1 -11
 3122 -6 0 -11
 3156 -6 -8 -12
 3156 -6 -7 -12
 3156 -6 -6 -12
 3156 -6 -5 -12
 3156 -6 -4 -12
 3156 -6 -3 -12
 3156 -6 -2 -12
 3156 -6 -1 -12
 3156 -6 0 -12
 3156 -6 1 -12
 3156 -6 2 -12
 3156 -6 3 -12
 3156 -6 4 -12
 3156 -6 5 -12
 3156 -6 6 -12
 3156 -6 7 -12
 3156 -6 8 -12
 3156 -6 9 -12
 3201 1 4 15
 3201 1 5 15
 3201 1 6 15
 3201 1 7 15
 3201 1 8 15
 3201 1 9 15
 3201 1 10 15
 3201 1 11 15
 3201 1 12 15
 3201 1 13 15
 3201 1 14 15
 3201 1 15 15
 3201 1 16 15
 3268 -16 -4 0
 3268 -16 -3 0
 3268 -16 -2 0
 3268 -16 -1 0
 3268 -16 0 0
 3268 -16 1 0
 3268 -16 2 0
 3268 -16 3 0
 3268 -16 4 0
 3268 -16 5 0
 3268 -16 6 0
 3268 -16 7 0
 3268 -16 8 0
 3268 -16 9 0
 3268 -16 10 0
 3268 -16 11 0
 3268 -16 12 0
 3268 -16 13 0
 3272 12 -16 -10
 3272 12 -15 -10
 3272 12 -14 -10
 3272 12 -13 -10
 3272 12 -12 -10
 3272 12 -11 -10
 3272 12 -10 -10
 3272 12 -9 -10
 3272 12 -8 -10
 3272 12 -7 -10
 3274 4 16 11
 3291 0 -11 15
 3291 0 -10 15
 3291 0 -9 15
 3291 0 -8 15
 3291 0 -7 15
 3291 0 -6 15
 3291 0 -5 15
 3291 0 -4 15
 3291 0 -3 15
 3291 0 -2 15
 3291 0 -1 15
 3291 0 0 15
 3291 0 1 15
 3291 0 2 15
 3291 0 3 15
 3291 0 4 15
 3291 0 5 15
 3291 0 6 15
 3310 -1 -16 -14
 3310 -1 -15 -14
 3310 -1 -14 -14
 3310 -1 -13 -14
 3310 -1 -12 -14
 3310 -1 -11 -14
 3310 -1 -10 -14
 3310 -1 -9 -14
 3383 1 16 16
 3416 -5 -4 -12
 3416 -5 -3 -12
 3416 -5 -2 -12
 3416 -5 -1 -12
 3416 -5 0 -12
 3416 -5 1 -12
 3416 -5 2 -12
 3416 -5 3 -12
 3416 -5 4 -12
 3416 -5 5 -12
 3416 -5 6 -12
 3416 -5 7 -12
 3416 -5 8 -12
 3416 -5 9 -12
 3416 -5 10 -12
 3416 -5 11 -12
 3416 -5 12 -12
 3416 -5 13 -12
 3449 -2 -16 15
 3449 -2 -15 15
 3449 -2 -14 15
 3449 -2 -13 15
 3484 -8 -5 9
 3484 -8 -4 9
 3484 -8 -3 9
 3484 -8 -2 9
 3484 -8 -1 9
 3484 -8 0 9
 3484 -8 1 9
 3484 -8 2 9
 3484 -8 3 9
 3484 -8 4 9
 3484 -8 5 9
 3484 -8 6 9
 3484 -8 7 9
 3484 -8 8 9
 3484 -8 9 9
 3484 -8 10 9
 3484 -8 11 9
 3484 -8 12 9
 3589 -4 14 11
 3589 -4 15 11
 3589 -4 16 11
 3591 -4 2 10
 3591 -4 3 10
 3591 -4 4 10
 3591 -4 5 10
 3591 -4 6 10
 3591 -4 7 10
 3591 -4 8 10
 3591 -4 9 10
 3591 -4 10 10
 3591 -4 11 10
 3591 -4 12 10
 3591 -4 13 10
 3591 -4 14 10
 3591 -4 15 10
 3591 -4 16 10
 3650 11 14 -4
 3650 11 15 -4
 3650 11 16 -4
 3712 14 -16 -8
 3712 14 -15 -8
 3712 14 -14 -8
 3712 14 -13 -8
 3712 14 -12 -8
 3712 14 -11 -8
 3712 14 -10 -8
 3712 14 -9 -8
 3743 -14 5 5
 3743 -14 6 5
 3743 -14 7 5
 3743 -14 8 5
 3743 -14 9 5
 3743 -14 10 5
 3743 -14 11 5
 3743 -14 12 5
 3743 -14 13 5
 3743 -14 14 5
 3743 -14 15 5
 3743 -14 16 5
 3753 -5 -14 11
 3753 -5 -13 11
 3753 -5 -12 11
 3753 -5 -11 11
 3753 -5 -10 11
 3753 -5 -9 11
 3753 -5 -8 11
 3753 -5 -7 11
 3753 -5 -6 11
 3753 -5 -5 11
 3753 -5 -4 11
 3753 -5 -3 11
 3753 -5 -2 11
 3753 -5 -1 11
 3753 -5 0 11
 3753 -5 1 11
 3753 -5 2 11
 3753 -5 3 11
 3827 -15 2 5
 3827 -15 3 5
 3827 -15 4 5
 3827 -15 5 5
 3827 -15 6 5
 3827 -15 7 5
 3827 -15 8 5
 3827 -15 9 5
 3827 -15 10 5
 3827 -15 11 5
 3827 -15 12 5
 3827 -15 13 5
 3827 -15 14 5
 3827 -15 15 5
 3827 -15 16 5
 3858 -15 -9 6
 3858 -15 -8 6
 3858 -15 -7 6
 3858 -15 -6 6
 3858 -15 -5 6
 3858 -15 -4 6
 3858 -15 -3 6
 3858 -15 -2 6
 3858 -15 -1 6
 3858 -15 0 6
 3858 -15 1 6
 3858 -15 2 6
 3858 -15 3 6
 3858 -15 4 6
 3858 -15 5 6
 3858 -15 6 6
 3858 -15 7 6
 3858 -15 8 6
 3988 -6 -16 12
 3988 -6 -15 12
 3988 -6 -14 12
 3988 -6 -13 12
 3988 -6 -12 12
 3988 -6 -11 12
 3988 -6 -10 12
 3988 -6 -9 12
 3988 -6 -8 12
 3988 -6 -7 12
 3988 -6 -6 12
 3988 -6 -5 12
 3988 -6 -4 12
 3988 -6 -3 12
 4006 -16 -16 6
 4006 -16 -15 6
 4006 -16 -14 6
 4006 -16 -13 6
 4006 -16 -12 6
 4006 -16 -11 6
 4006 -16 -10 6
 4006 -16 -9 6
 4006 -16 -8 6
 4006 -16 -7 6
 4006 -16 -6 6
 4006 -16 -5 6
 4006 -16 -4 6
 4006 -16 -3 6
 4006 -16 -2 6
 4015 -16 -16 7
 4015 -16 -15 7
 4015 -16 -14 7
 4015 -16 -13 7
 4015 -16 -12 7
 4015 -16 -11 7
 4015 -16 -10 7
 4111 11 10 -5
 4111 11 11 -5
 4111 11 12 -5
 4111 11 13 -5
 4111 11 14 -5
 4111 11 15 -5
 4111 11 16 -5
 4225 -3 -16 15
 4225 -3 -15 15
 4225 -3 -14 15
 4225 -3 -13 15
 4225 -3 -12 15
 4225 -3 -11 15
 4225 -3 -10 15
 4225 -3 -9 15
 4225 -3 -8 15
 4225 -3 -7 15
 4225 -3 -6 15
 4225 -3 -5 15
 4225 -3 -4 15
 4225 -3 -3 15
 4225 -3 -2 15
 4225 -3 -1 15
 4225 -3 0 15
 4239 -12 16 -7
 4259 -7 -9 -12
 4259 -7 -8 -12
 4259 -7 -7 -12
 4259 -7 -6 -12
 4259 -7 -5 -12
 4259 -7 -4 -12
 4259 -7 -3 -12
 4259 -7 -2 -12
 4259 -7 -1 -12
 4259 -7 0 -12
 4259 -7 1 -12
 4259 -7 2 -12
 4259 -7 3 -12
 4259 -7 4 -12
 4259 -7 5 -12
 4259 -7 6 -12
 4259 -7 7 -12
 4259 -7 8 -12
 4270 -7 8 -11
 4270 -7 9 -11
 4270 -7 10 -11
 4270 -7 11 -11
 4270 -7 12 -11
 4270 -7 13 -11
 4270 -7 14 -11
 4270 -7 15 -11
 4270 -7 16 -11
 4289 12 10 -5
 4289 12 11 -5
 4289 12 12 -5
 4289 12 13 -5
 4289 12 14 -5
 4289 12 15 -5
 4289 12 16 -5
 4300 2 -16 11
 4300 2 -15 11
 4300 2 -14 11
 4300 2 -13 11
 4300 2 -12 11
 4399 11 12 -3
 4399 11 13 -3
 4399 11 14 -3
 4399 11 15 -3
 4399 11 16 -3
 4433 -8 -6 10
 4433 -8 -5 10
 4433 -8 -4 10
 4433 -8 -3 10
 4433 -8 -2 10
 4433 -8 -1 10
 4433 -8 0 10
 4433 -8 1 10
 4433 -8 2 10
 4433 -8 3 10
 4433 -8 4 10
 4433 -8 5 10
 4433 -8 6 10
 4433 -8 7 10
 4433 -8 8 10
 4433 -8 9 10
 4433 -8 10 10
 4433 -8 11 10
 4436 -1 -16 16
 4436 -1 -15 16
 4436 -1 -14 16
 4436 -1 -13 16
 4436 -1 -12 16
 4436 -1 -11 16
 4436 -1 -10 16
 4436 -1 -9 16
 4436 -1 -8 16
 4436 -1 -7 16
 4436 -1 -6 16
 4436 -1 -5 16
 4484 1 -16 15
 4484 1 -15 15
 4484 1 -14 15
 4484 1 -13 15
 4484 1 -12 15
 4484 1 -11 15
 4484 1 -10 15
 4511 11 -10 -7
 4511 11 -9 -7
 4511 11 -8 -7
 4511 11 -7 -7
 4511 11 -6 -7
 4511 11 -5 -7
 4511 11 -4 -7
 4511 11 -3 -7
 4511 11 -2 -7
 4511 11 -1 -7
 4511 11 0 -7
 4511 11 1 -7
 4511 11 2 -7
 4511 11 3 -7
 4511 11 4 -7
 4511 11 5 -7
 4511 11 6 -7
 4511 11 7 -7
 4621 15 -13 -8
 4621 15 -12 -8
 4621 15 -11 -8
 4621 15 -10 -8
 4621 15 -9 -8
 4621 15 -8 -8
 4621 15 -7 -8
 4621 15 -6 -8
 4621 15 -5 -8
 4621 15 -4 -8
 4621 15 -3 -8
 4621 15 -2 -8
 4621 15 -1 -8
 4621 15 0 -8
 4621 15 1 -8
 4621 15 2 -8
 4621 15 3 -8
 4621 15 4 -8
 4722 -15 -15 -2
 4722 -15 -14 -2
 4722 -15 -13 -2
 4722 -15 -12 -2
 4722 -15 -11 -2
 4722 -15 -10 -2
 4722 -15 -9 -2
 4722 -15 -8 -2
 4722 -15 -7 -2
 4722 -15 -6 -2
 4722 -15 -5 -2
 4722 -15 -4 -2
 4722 -15 -3 -2
 4722 -15 -2 -2
 4722 -15 -1 -2
 4722 -15 0 -2
 4722 -15 1 -2
 4722 -15 2 -2
 4778 1 2 18
 4778 1 3 18
 4778 1 4 18
 4778 1 5 18
 4778 1 6 18
 4778 1 7 18
 4778 1 8 18
 4778 1 9 18
 4778 1 10 18
 4778 1 11 18
 4778 1 12 18
 4778 1 13 18
 4778 1 14 18
 4778 1 15 18
 4778 1 16 18
 5068 -15 4 7
 5068 -15 5 7
 5068 -15 6 7
 5068 -15 7 7
 5068 -15 8 7
 5068 -15 9 7
 5068 -15 10 7
 5068 -15 11 7
 5068 -15 12 7
 5068 -15 13 7
 5068 -15 14 7
 5068 -15 15 7
 5068 -15 16 7
 5089 10 -16 -10
 5089 10 -15 -10
 5089 10 -14 -10
 5089 10 -13 -10
 5188 -2 -16 -13
 5188 -2 -15 -13
 5188 -2 -14 -13
 5188 -2 -13 -13
 5188 -2 -12 -13
 5188 -2 -11 -13
 5188 -2 -10 -13
 5188 -2 -9 -13
 5188 -2 -8 -13
 5188 -2 -7 -13
 5188 -2 -6 -13
 5188 -2 -5 -13
 5188 -2 -4 -13
 5188 -2 -3 -13
 5188 -2 -2 -13
 5215 1 2 19
 5215 1 3 19
 5215 1 4 19
 5215 1 5 19
 5215 1 6 19
 5215 1 7 19
 5215 1 8 19
 5215 1 9 19
 5215 1 10 19
 5215 1 11 19
 5215 1 12 19
 5215 1 13 19
 5215 1 14 19
 5215 1 15 19
 5215 1 16 19
 5279 -2 -12 -14
 5279 -2 -11 -14
 5279 -2 -10 -14
 5279 -2 -9 -14
 5279 -2 -8 -14
 5279 -2 -7 -14
 5279 -2 -6 -14
 5279 -2 -5 -14
 5279 -2 -4 -14
 5279 -2 -3 -14
 5279 -2 -2 -14
 5279 -2 -1 -14
 5279 -2 0 -14
 5279 -2 1 -14
 5279 -2 2 -14
 5279 -2 3 -14
 5279 -2 4 -14
 5279 -2 5 -14
 5495 12 10 -6
 5495 12 11 -6
 5495 12 12 -6
 5495 12 13 -6
 5495 12 14 -6
 5495 12 15 -6
 5495 12 16 -6
 5511 -3 11 13
 5511 -3 12 13
 5511 -3 13 13
 5511 -3 14 13
 5511 -3 15 13
 5511 -3 16 13
 5802 1 13 20
 5802 1 14 20
 5802 1 15 20
 5802 1 16 20
 5825 -8 -11 -9
 5825 -8 -10 -9
 5825 -8 -9 -9
 5825 -8 -8 -9
 5825 -8 -7 -9
 5825 -8 -6 -9
 5825 -8 -5 -9
 5825 -8 -4 -9
 5825 -8 -3 -9
 5825 -8 -2 -9
 5825 -8 -1 -9
 5825 -8 0 -9
 5825 -8 1 -9
 5825 -8 2 -9
 5825 -8 3 -9
 5825 -8 4 -9
 5825 -8 5 -9
 5825 -8 6 -9
 5926 5 10 -7
 5926 5 11 -7
 5926 5 12 -7
 5926 5 13 -7
 5926 5 14 -7
 5926 5 15 -7
 5926 5 16 -7
 5948 -5 -10 -4
 5948 -5 -9 -4
 5948 -5 -8 -4
 5948 -5 -7 -4
 5948 -5 -6 -4
 5948 -5 -5 -4
 5948 -5 -4 -4
 5948 -5 -3 -4
 5948 -5 -2 -4
 5948 -5 -1 -4
 5948 -5 0 -4
 5948 -5 1 -4
 5948 -5 2 -4
 5948 -5 3 -4
 5948 -5 4 -4
 5948 -5 5 -4
 5948 -5 6 -4
 5948 -5 7 -4
 5990 15 -2 -9
 5990 15 -1 -9
 5990 15 0 -9
 5990 15 1 -9
 5990 15 2 -9
 5990 15 3 -9
 5990 15 4 -9
 5990 15 5 -9
 5990 15 6 -9
 5990 15 7 -9
 5990 15 8 -9
 5990 15 9 -9
 5990 15 10 -9
 5990 15 11 -9
 5990 15 12 -9
 5990 15 13 -9
 5990 15 14 -9
 5990 15 15 -9
 6082 -6 -14 13
 6082 -6 -13 13
 6082 -6 -12 13
 6082 -6 -11 13
 6082 -6 -10 13
 6082 -6 -9 13
 6082 -6 -8 13
 6082 -6 -7 13
 6082 -6 -6 13
 6082 -6 -5 13
 6082 -6 -4 13
 6082 -6 -3 13
 6082 -6 -2 13
 6082 -6 -1 13
 6082 -6 0 13
 6082 -6 1 13
 6082 -6 2 13
 6082 -6 3 13
 6128 -9 -16 -10
 6128 -9 -15 -10
 6128 -9 -14 -10
 6128 -9 -13 -10
 6128 -9 -12 -10
 6128 -9 -11 -10
 6128 -9 -10 -10
 6128 -9 -9 -10
 6128 -9 -8 -10
 6128 -9 -7 -10
 6128 -9 -6 -10
 6128 -9 -5 -10
 6207 2 11 17
 6207 2 12 17
 6207 2 13 17
 6207 2 14 17
 6207 2 15 17
 6207 2 16 17
 6335 -2 -16 -16
 6335 -2 -15 -16
 6335 -2 -14 -16
 6335 -2 -13 -16
 6335 -2 -12 -16
 6524 -3 -3 16
 6524 -3 -2 16
 6524 -3 -1 16
 6524 -3 0 16
 6524 -3 1 16
 6524 -3 2 16
 6524 -3 3 16
 6524 -3 4 16
 6524 -3 5 16
 6524 -3 6 16
 6524 -3 7 16
 6524 -3 8 16
 6524 -3 9 16
 6524 -3 10 16
 6524 -3 11 16
 6524 -3 12 16
 6524 -3 13 16
 6524 -3 14 16
 6639 4 -16 9
 6639 4 -15 9
 6639 4 -14 9
 6639 4 -13 9
 6639 4 -12 9
 6639 4 -11 9
 6639 4 -10 9
 6639 4 -9 9
 6639 4 -8 9
 6639 4 -7 9
 6639 4 -6 9
 6639 4 -5 9
 6639 4 -4 9
 6639 4 -3 9
 6639 4 -2 9
 6639 4 -1 9
 6639 4 0 9
 6645 -1 -16 17
 6645 -1 -15 17
 6645 -1 -14 17
 6645 -1 -13 17
 6645 -1 -12 17
 6645 -1 -11 17
 6645 -1 -10 17
 6645 -1 -9 17
 6645 -1 -8 17
 6645 -1 -7 17
 6645 -1 -6 17
 6645 -1 -5 17
 6645 -1 -4 17
 6645 -1 -3 17
 6645 -1 -2 17
 6645 -1 -1 17
 6645 -1 0 17
 6645 -1 1 17
 6684 2 -16 16
 6684 2 -15 16
 6684 2 -14 16
 6764 0 13 21
 6764 0 14 21
 6764 0 15 21
 6764 0 16 21
 6801 -14 16 -9
 6802 1 8 22
 6802 1 9 22
 6802 1 10 22
 6802 1 11 22
 6802 1 12 22
 6802 1 13 22
 6802 1 14 22
 6802 1 15 22
 6802 1 16 22
 6832 -2 -16 -18
 6832 -2 -15 -18
 6832 -2 -14 -18
 6832 -2 -13 -18
 6832 -2 -12 -18
 6832 -2 -11 -18
 6840 -10 -16 -9
 6840 -10 -15 -9
 6840 -10 -14 -9
 6840 -10 -13 -9
 6840 -10 -12 -9
 6840 -10 -11 -9
 6840 -10 -10 -9
 6840 -10 -9 -9
 6973 -1 -2 -13
 6973 -1 -1 -13
 6973 -1 0 -13
 6973 -1 1 -13
 6973 -1 2 -13
 6973 -1 3 -13
 6973 -1 4 -13
 6973 -1 5 -13
 6973 -1 6 -13
 6973 -1 7 -13
 6973 -1 8 -13
 6973 -1 9 -13
 6973 -1 10 -13
 6973 -1 11 -13
 6973 -1 12 -13
 6973 -1 13 -13
 6973 -1 14 -13
 6973 -1 15 -13
 6997 16 -16 -8
 6997 16 -15 -8
 6997 16 -14 -8
 6997 16 -13 -8
 6997 16 -12 -8
 6997 16 -11 -8
 6997 16 -10 -8
 6997 16 -9 -8
 6997 16 -8 -8
 6997 16 -7 -8
 6997 16 -6 -8
 6997 16 -5 -8
 6997 16 -4 -8
 7089 1 12 23
 7089 1 13 23
 7089 1 14 23
 7089 1 15 23
 7089 1 16 23
 7103 -1 15 21
 7103 -1 16 21
 7340 3 -16 17
 7340 3 -15 17
 7340 3 -14 17
 7340 3 -13 17
 7473 6 -16 -17
 7473 6 -15 -17
 7473 6 -14 -17
 7473 6 -13 -17
 7473 6 -12 -17
 7473 6 -11 -17
 7473 6 -10 -17
 7509 -3 -16 17
 7509 -3 -15 17
 7509 -3 -14 17
 7509 -3 -13 17
 7509 -3 -12 17
 7509 -3 -11 17
 7509 -3 -10 17
 7509 -3 -9 17
 7509 -3 -8 17
 7509 -3 -7 17
 7509 -3 -6 17
 7509 -3 -5 17
 7509 -3 -4 17
 7509 -3 -3 17
 7509 -3 -2 17
 7509 -3 -1 17
 7509 -3 0 17
 7509 -3 1 17
 7589 -2 -16 -19
 7589 -2 -15 -19
 7589 -2 -14 -19
 7589 -2 -13 -19
 7589 -2 -12 -19
 7663 2 -16 17
 7663 2 -15 17
 7663 2 -14 17
 7663 2 -13 17
 7663 2 -12 17
 7663 2 -11 17
 7663 2 -10 17
 7663 2 -9 17
 7663 2 -8 17
 7663 2 -7 17
 7663 2 -6 17
 7663 2 -5 17
 7663 2 -4 17
 7712 2 16 23
 7728 -3 14 17
 7728 -3 15 17
 7728 -3 16 17
 7756 11 14 4
 7756 11 15 4
 7756 11 16 4
 7784 7 -13 -17
 7784 7 -12 -17
 7784 7 -11 -17
 7784 7 -10 -17
 7784 7 -9 -17
 7784 7 -8 -17
 7784 7 -7 -17
 7784 7 -6 -17
 7784 7 -5 -17
 7784 7 -4 -17
 7784 7 -3 -17
 7784 7 -2 -17
 7784 7 -1 -17
 7784 7 0 -17
 7784 7 1 -17
 7784 7 2 -17
 7784 7 3 -17
 7784 7 4 -17
 7907 -3 -16 -18
 7907 -3 -15 -18
 7907 -3 -14 -18
 7907 -3 -13 -18
 7907 -3 -12 -18
 7907 -3 -11 -18
 7907 -3 -10 -18
 8179 -15 0 8
 8179 -15 1 8
 8179 -15 2 8
 8179 -15 3 8
 8179 -15 4 8
 8179 -15 5 8
 8179 -15 6 8
 8179 -15 7 8
 8179 -15 8 8
 8179 -15 9 8
 8179 -15 10 8
 8179 -15 11 8
 8179 -15 12 8
 8179 -15 13 8
 8179 -15 14 8
 8179 -15 15 8
 8179 -15 16 8
 8312 1 9 24
 8312 1 10 24
 8312 1 11 24
 8312 1 12 24
 8312 1 13 24
 8312 1 14 24
 8312 1 15 24
 8312 1 16 24
 8340 0 -5 22
 8340 0 -4 22
 8340 0 -3 22
 8340 0 -2 22
 8340 0 -1 22
 8340 0 0 22
 8340 0 1 22
 8340 0 2 22
 8340 0 3 22
 8340 0 4 22
 8340 0 5 22
 8340 0 6 22
 8340 0 7 22
 8340 0 8 22
 8340 0 9 22
 8340 0 10 22
 8340 0 11 22
 8340 0 12 22
 8373 -11 -16 -9
 8373 -11 -15 -9
 8373 -11 -14 -9
 8373 -11 -13 -9
 8497 2 10 -9
 8497 2 11 -9
 8497 2 12 -9
 8497 2 13 -9
 8497 2 14 -9
 8497 2 15 -9
 8497 2 16 -9
 8564 4 -16 17
 8564 4 -15 17
 8770 3 6 23
 8770 3 7 23
 8770 3 8 23
 8770 3 9 23
 8770 3 10 23
 8770 3 11 23
 8770 3 12 23
 8770 3 13 23
 8770 3 14 23
 8770 3 15 23
 8770 3 16 23
 8866 0 11 23
 8866 0 12 23
 8866 0 13 23
 8866 0 14 23
 8866 0 15 23
 8866 0 16 23
 8938 4 -15 10
 8938 4 -14 10
 8938 4 -13 10
 8938 4 -12 10
 8938 4 -11 10
 8938 4 -10 10
 8938 4 -9 10
 8938 4 -8 10
 8938 4 -7 10
 8938 4 -6 10
 8938 4 -5 10
 8938 4 -4 10
 8938 4 -3 10
 8938 4 -2 10
 8938 4 -1 10
 8938 4 0 10
 8938 4 1 10
 8938 4 2 10
 9066 4 -4 23
 9066 4 -3 23
 9066 4 -2 23
 9066 4 -1 23
 9066 4 0 23
 9066 4 1 23
 9066 4 2 23
 9066 4 3 23
 9066 4 4 23
 9066 4 5 23
 9066 4 6 23
 9066 4 7 23
 9066 4 8 23
 9066 4 9 23
 9066 4 10 23
 9066 4 11 23
 9066 4 12 23
 9066 4 13 23
 9102 -10 -5 -10
 9102 -10 -4 -10
 9102 -10 -3 -10
 9102 -10 -2 -10
 9102 -10 -1 -10
 9102 -10 0 -10
 9102 -10 1 -10
 9102 -10 2 -10
 9102 -10 3 -10
 9102 -10 4 -10
 9102 -10 5 -10
 9102 -10 6 -10
 9102 -10 7 -10
 9102 -10 8 -10
 9102 -10 9 -10
 9102 -10 10 -10
 9102 -10 11 -10
 9102 -10 12 -10
 9159 -3 -14 -19
 9159 -3 -13 -19
 9159 -3 -12 -19
 9159 -3 -11 -19
 9159 -3 -10 -19
 9159 -3 -9 -19
 9159 -3 -8 -19
 9159 -3 -7 -19
 9159 -3 -6 -19
 9159 -3 -5 -19
 9159 -3 -4 -19
 9159 -3 -3 -19
 9159 -3 -2 -19
 9159 -3 -1 -19
 9159 -3 0 -19
 9159 -3 1 -19
 9159 -3 2 -19
 9159 -3 3 -19
 9195 10 -13 -11
 9195 10 -12 -11
 9195 10 -11 -11
 9195 10 -10 -11
 9195 10 -9 -11
 9195 10 -8 -11
 9195 10 -7 -11
 9195 10 -6 -11
 9195 10 -5 -11
 9195 10 -4 -11
 9195 10 -3 -11
 9195 10 -2 -11
 9195 10 -1 -11
 9195 10 0 -11
 9195 10 1 -11
 9195 10 2 -11
 9195 10 3 -11
 9195 10 4 -11
 9201 -3 -16 -20
 9201 -3 -15 -20
 9201 -3 -14 -20
 9201 -3 -13 -20
 9201 -3 -12 -20
 9201 -3 -11 -20
 9201 -3 -10 -20
 9201 -3 -9 -20
 9201 -3 -8 -20
 9201 -3 -7 -20
 9201 -3 -6 -20
 9201 -3 -5 -20
 9201 -3 -4 -20
 9201 -3 -3 -20
 9201 -3 -2 -20
 9201 -3 -1 -20
 9212 4 -15 24
 9212 4 -14 24
 9212 4 -13 24
 9212 4 -12 24
 9212 4 -11 24
 9212 4 -10 24
 9212 4 -9 24
 9212 4 -8 24
 9212 4 -7 24
 9212 4 -6 24
 9212 4 -5 24
 9212 4 -4 24
 9212 4 -3 24
 9212 4 -2 24
 9212 4 -1 24
 9212 4 0 24
 9212 4 1 24
 9212 4 2 24
 9244 4 3 24
 9244 4 4 24
 9244 4 5 24
 9244 4 6 24
 9244 4 7 24
 9244 4 8 24
 9244 4 9 24
 9244 4 10 24
 9244 4 11 24
 9244 4 12 24
 9244 4 13 24
 9244 4 14 24
 9244 4 15 24
 9244 4 16 24
 9271 5 -16 24
 9271 5 -15 24
 9271 5 -14 24
 9271 5 -13 24
 9271 5 -12 24
 9271 5 -11 24
 9271 5 -10 24
 9271 5 -9 24
 9271 5 -8 24
 9271 5 -7 24
 9299 2 4 24
 9299 2 5 24
 9299 2 6 24
 9299 2 7 24
 9299 2 8 24
 9299 2 9 24
 9299 2 10 24
 9299 2 11 24
 9299 2 12 24
 9299 2 13 24
 9299 2 14 24
 9299 2 15 24
 9299 2 16 24
 9337 2 6 25
 9337 2 7 25
 9337 2 8 25
 9337 2 9 25
 9337 2 10 25
 9337 2 11 25
 9337 2 12 25
 9337 2 13 25
 9337 2 14 25
 9337 2 15 25
 9337 2 16 25
 9427 15 -16 -11
 9427 15 -15 -11
 9478 -4 -14 -20
 9478 -4 -13 -20
 9478 -4 -12 -20
 9478 -4 -11 -20
 9478 -4 -10 -20
 9478 -4 -9 -20
 9478 -4 -8 -20
 9478 -4 -7 -20
 9478 -4 -6 -20
 9478 -4 -5 -20
 9478 -4 -4 -20
 9478 -4 -3 -20
 9478 -4 -2 -20
 9478 -4 -1 -20
 9478 -4 0 -20
 9478 -4 1 -20
 9478 -4 2 -20
 9478 -4 3 -20
 9570 6 11 16
 9570 6 12 16
 9570 6 13 16
 9570 6 14 16
 9570 6 15 16
 9570 6 16 16
 9572 6 -16 24
 9572 6 -15 24
 9572 6 -14 24
 9572 6 -13 24
 9572 6 -12 24
 9572 6 -11 24
 9572 6 -10 24
 9572 6 -9 24
 9572 6 -8 24
 9572 6 -7 24
 9572 6 -6 24
 9632 4 -16 11
 9632 4 -15 11
 9632 4 -14 11
 9632 4 -13 11
 9632 4 -12 11
 9632 4 -11 11
 9632 4 -10 11
 9632 4 -9 11
 9632 4 -8 11
 9632 4 -7 11
 9632 4 -6 11
 9632 4 -5 11
 9632 4 -4 11
 9632 4 -3 11
 9632 4 -2 11
 9632 4 -1 11
 9632 4 0 11
 9661 13 4 4
 9661 13 5 4
 9661 13 6 4
 9661 13 7 4
 9661 13 8 4
 9661 13 9 4
 9661 13 10 4
 9661 13 11 4
 9661 13 12 4
 9661 13 13 4
 9661 13 14 4
 9661 13 15 4
 9661 13 16 4
 9688 -15 -16 9
 9688 -15 -15 9
 9688 -15 -14 9
 9688 -15 -13 9
 9688 -15 -12 9
 9688 -15 -11 9
 9688 -15 -10 9
 9688 -15 -9 9
 9688 -15 -8 9
 9688 -15 -7 9
 9688 -15 -6 9
 9688 -15 -5 9
 9688 -15 -4 9
 9688 -15 -3 9
 9688 -15 -2 9
 9688 -15 -1 9
 9688 -15 0 9
 9688 -15 1 9
 9855 1 -4 25
 9855 1 -3 25
 9855 1 -2 25
 9855 1 -1 25
 9855 1 0 25
 9855 1 1 25
 9855 1 2 25
 9855 1 3 25
 9855 1 4 25
 9855 1 5 25
 9855 1 6 25
 9855 1 7 25
 9855 1 8 25
 9855 1 9 25
 9855 1 10 25
 9855 1 11 25
 9855 1 12 25
 9855 1 13 25
 9953 2 -7 26
 9953 2 -6 26
 9953 2 -5 26
 9953 2 -4 26
 9953 2 -3 26
 9953 2 -2 26
 9953 2 -1 26
 9953 2 0 26
 9953 2 1 26
 9953 2 2 26
 9953 2 3 26
 9953 2 4 26
 9953 2 5 26
 9953 2 6 26
 9953 2 7 26
 9953 2 8 26
 9953 2 9 26
 9953 2 10 26
